Census Tract Id, Mean Elevation, Median Household Income
1011.10, 513.460431654676313, 68529
1011.22, 543.966360856269148, 108198
1012.20, 566.258823529411757, 59119
1012.21, 512.461538461538453, 48305
1012.22, 528.767441860465169, 32106
1013.00, 601.768025078369874, 111393
1014.00, 542.308483290488425, 68000
1021.03, 293.418918918918905, 65481
1021.04, 280.224390243902462, 91402
1021.05, 224.790322580645153, 84519
1021.07, 389.701567398119096, 90625
1031.01, 426.106719367588937, 121705
1031.02, 437.065789473684220, 75203
1032.01, 394.987551867219906, 77377
1032.02, 383.562180579216374, 104747
1033.00, 340.121052631578948, 129904
1034.01, 472.473988439306368, 110323
1034.02, 445.595588235294144, 105500
1041.03, 365.627118644067821, 105921
1041.05, 332.875000000000000, 51711
1041.08, 334.500000000000000, 58784
1041.24, 400.370106761565864, 68772
1042.01, 343.835820895522374, 83462
1042.03, 332.356321839080465, 55875
1042.04, 426.118902439024396, 61927
1043.10, 319.819672131147513, 86635
1043.21, 316.828125000000000, 31714
1043.22, 320.116279069767415, 59550
1044.01, 303.638554216867476, 66563
1044.03, 291.579545454545439, 85096
1044.04, 301.606060606060623, 71202
1045.00, 290.859375000000000, 69167
1046.10, 300.452054794520564, 73167
1046.20, 295.720588235294144, 76304
1047.01, 312.514705882352928, 45984
1047.03, 287.544827586206907, 55451
1047.04, 314.107317073170748, 45781
1048.21, 281.107692307692332, 75662
1048.22, 280.533333333333360, 56208
1048.23, 284.307692307692321, 86488
1048.24, 286.589041095890423, 81149
1060.10, 451.926517571884972, 99352
1060.20, 451.204081632653072, 101140
1061.11, 443.072674418604663, 111364
1061.12, 401.166246851385381, 101563
1061.13, 394.257142857142867, 104922
1061.14, 373.354330708661394, 68194
1064.03, 377.234848484848499, 87813
1064.05, 401.464788732394368, 83882
1064.06, 425.784860557768923, 92009
1064.07, 393.399999999999977, 43850
1064.08, 399.482758620689651, 56471
1065.10, 434.777622377622379, 79083
1065.20, 378.876811594202877, 87279
1066.03, 531.465463108320250, 123077
1066.04, 367.267912772585646, 61754
1066.41, 402.676258992805742, 102308
1066.42, 358.854922279792731, 131173
1066.43, 398.390654205607461, 187931
1066.45, 356.061093247588417, 121068
1066.46, 312.455555555555577, 115720
1066.48, 344.718750000000000, 72829
1066.49, 354.762589928057537, 85769
1070.10, 364.293478260869563, 79643
1070.20, 351.867768595041298, 84021
1081.01, 381.770833333333314, 133973
1081.02, 388.636029411764696, 115583
1081.03, 420.311111111111131, 138694
1081.04, 476.148514851485174, 151458
1082.02, 433.827913279132815, 155465
1082.03, 464.952941176470574, 120357
1082.04, 392.918128654970758, 133409
1091.00, 309.575301204819255, 61111
1092.00, 308.388888888888914, 115284
1093.00, 289.730769230769226, 101904
1094.00, 294.320754716981128, 87279
1095.00, 308.666666666666686, 61101
1096.01, 282.603636363636383, 101346
1096.03, 275.016393442622928, 69619
1096.04, 280.787671232876733, 94266
1097.00, 281.020725388601022, 104931
1098.00, 275.344827586206918, 92135
1111.00, 290.179687500000000, 104489
1112.01, 321.012396694214885, 111157
1112.02, 311.978632478632505, 110888
1112.04, 309.554479418886217, 163472
1112.05, 286.500000000000000, 77917
1112.06, 321.285266457680223, 137734
1113.02, 289.127551020408191, 74559
1113.03, 298.588235294117624, 101066
1113.04, 305.526315789473699, 53000
1114.01, 279.640776699029118, 125852
1114.02, 283.456000000000017, 49113
1131.01, 312.530249110320312, 112750
1131.02, 321.469026548672559, 165333
1132.11, 368.509454949944370, 97554
1132.12, 298.439024390243901, 98990
1132.13, 288.547169811320771, 111324
1132.31, 353.232558139534888, 122321
1132.32, 273.462151394422335, 139118
1132.34, 260.666666666666686, 61989
1132.35, 397.622857142857129, 99375
1132.37, 309.841924398625451, 122019
1132.38, 259.595505617977551, 57829
1132.39, 269.035714285714278, 43382
1133.01, 268.381294964028768, 100417
1133.03, 272.807920792079187, 100603
1133.22, 282.582568807339442, 103500
1133.23, 291.933333333333337, 76250
1133.24, 287.024390243902417, 90989
1134.23, 249.111111111111114, 101563
1134.24, 249.169014084507040, 94132
1134.25, 265.809523809523796, 65313
1134.26, 264.551724137931046, 66816
1134.27, 258.575757575757564, 57277
1134.28, 254.823529411764696, 125331
1151.01, 264.631799163179892, 127500
1151.03, 272.386740331491694, -
1151.04, 261.357142857142833, 55600
1152.02, 251.723502304147473, 63194
1152.03, 273.746835443037980, 68125
1152.04, 263.452631578947376, 105076
1153.01, 262.277227722772295, 102560
1153.02, 241.020000000000010, 62545
1154.01, 242.299578059071735, 54702
1154.03, 239.681818181818187, 61864
1154.04, 239.851239669421489, 95556
1171.01, 259.851063829787222, 88992
1171.02, 266.961538461538453, 77292
1172.01, 265.118811881188094, 49756
1172.02, 267.122727272727275, 98920
1173.01, 264.720238095238074, 125625
1173.02, 262.535714285714278, 108229
1173.03, 250.601809954751133, 110464
1174.04, 250.279816513761460, 118860
1174.05, 255.956521739130437, 45439
1174.07, 252.840000000000003, 41823
1174.08, 248.340425531914889, 44375
1175.10, 254.976744186046517, 50642
1175.20, 251.699999999999989, 39504
1175.30, 247.361111111111114, 57336
1190.01, 258.805970149253710, 99191
1190.03, 280.915094339622669, 103235
1190.04, 271.740384615384642, 85708
1192.01, 273.641025641025635, 94503
1192.02, 282.966386554621863, 66733
1193.10, 268.886792452830207, 69866
1193.20, 261.213114754098342, 78841
1193.40, 256.133333333333326, 38472
1193.41, 261.595238095238074, 47480
1193.42, 265.000000000000000, 69878
1194.00, 267.525547445255484, 93295
1197.00, 244.472049689441008, 103079
1198.01, 262.220779220779207, 88393
1198.02, 258.363636363636374, 77143
1199.00, 251.556390977443613, 80000
1200.10, 242.014705882352928, 51464
1200.20, 242.309859154929569, 41042
1200.30, 239.674418604651152, 40156
1201.03, 252.444444444444457, 39455
1201.04, 247.314814814814810, 43466
1201.05, 254.446153846153834, 39494
1201.06, 245.791666666666657, 31841
1201.07, 248.625000000000000, 40985
1201.08, 253.687500000000000, 45045
1203.00, 238.768115942028999, 61250
1204.00, 241.845588235294116, 63354
1210.10, 250.075396825396837, 79519
1210.20, 238.699029126213588, 64432
1211.01, 251.474576271186436, 70972
1211.02, 274.290322580645181, 57813
1212.10, 270.223107569721094, 72679
1212.21, 257.873015873015845, 71458
1212.22, 264.850931677018650, 75019
1216.00, 237.330985915492960, 78750
1218.01, 240.637931034482762, 41848
1218.02, 250.076923076923066, 81964
1219.00, 245.803738317757023, 63573
1220.00, 238.287128712871294, 76266
1221.20, 238.139534883720927, 63467
1221.21, 242.529411764705884, 52135
1221.22, 247.437500000000000, 43854
1222.00, 238.142180094786738, 63500
1224.10, 231.577777777777783, 45172
1224.20, 229.970873786407765, 57156
1230.10, 227.622047244094489, 47880
1230.20, 229.242857142857133, 74728
1231.03, 210.855855855855850, 66642
1231.04, 200.905263157894723, 65845
1232.03, 221.518987341772146, 41193
1232.04, 219.500000000000000, 61964
1232.05, 218.765957446808500, 49688
1232.06, 216.402777777777771, 36343
1233.01, 221.898734177215204, 67532
1233.03, 223.292682926829258, 63950
1233.04, 222.635514018691595, 44063
1234.10, 220.063492063492077, 50100
1234.20, 218.260869565217405, 53399
1235.10, 220.209523809523802, 42212
1235.20, 215.616666666666674, 55481
1236.01, 206.973544973544961, 59068
1236.02, 212.333333333333343, 58208
1237.00, 212.017391304347825, 82861
1238.00, 207.291139240506340, 89879
1239.01, 211.289308176100633, 43289
1239.02, 202.036144578313241, 85637
1240.00, 196.783132530120469, 81693
1241.02, 200.087500000000006, 46269
1241.03, 212.368421052631589, 47500
1241.04, 208.581395348837219, 44917
1241.05, 204.837837837837839, 57350
1242.01, 206.120000000000005, 64359
1242.03, 198.277777777777771, 56758
1242.04, 195.162790697674410, 47391
1243.00, 193.073394495412856, 51029
1244.00, 203.258333333333326, 88646
1245.00, 205.607843137254889, 75214
1246.00, 199.805970149253739, 81250
1247.00, 199.750000000000000, 107159
1249.02, 200.613636363636374, 46944
1249.03, 198.972222222222229, 87986
1251.01, 197.419753086419746, 77618
1251.02, 193.443037974683534, 130875
1252.00, 193.148148148148152, 77674
1253.10, 188.496183206106878, 53257
1253.21, 186.142857142857139, 46912
1253.22, 190.352941176470580, 32530
1254.02, 185.077777777777783, 79042
1254.03, 189.400000000000006, 79200
1254.04, 187.099999999999994, 70479
1255.01, 184.779661016949149, 51900
1255.02, 182.433333333333337, 73696
1256.00, 177.798387096774206, 97894
1271.02, 231.046728971962608, 50677
1271.03, 228.387096774193537, 54320
1271.04, 230.034090909090907, 58294
1272.10, 235.187500000000000, 60574
1272.20, 231.049382716049394, 44830
1273.00, 236.076923076923066, 66895
1274.00, 236.617424242424249, 60540
1275.20, 244.068181818181813, 45070
1276.03, 225.456140350877206, 48889
1276.04, 228.384615384615387, 46750
1276.05, 222.329113924050631, 52839
1276.06, 222.225352112676063, 58936
1277.11, 221.445378151260513, 79556
1277.12, 228.228571428571428, 48311
1278.03, 225.000000000000000, 57713
1278.04, 226.717948717948730, 62560
1278.05, 221.973333333333329, 52466
1278.06, 219.364705882352951, 57413
1279.10, 224.265822784810126, 52904
1279.20, 223.481481481481495, 64029
1281.01, 218.012345679012356, 66806
1281.02, 219.099999999999994, 56067
1282.10, 214.214285714285722, 39409
1282.20, 213.599999999999994, 52668
1283.02, 216.530864197530860, 55000
1283.03, 214.780000000000001, 40887
1284.00, 211.934579439252332, 109911
1285.00, 205.456896551724128, 107104
1286.01, 210.238636363636374, 57891
1286.02, 204.750000000000000, 88488
1287.03, 199.653846153846160, 80034
1287.04, 199.213592233009706, 111319
1288.01, 208.868852459016381, 75515
1288.02, 205.512195121951208, 101190
1289.10, 203.890243902439011, 105833
1310.21, 232.582089552238813, 57660
1310.22, 229.338461538461530, 57832
1310.23, 226.847222222222229, 67941
1310.24, 224.174757281553411, 88125
1311.00, 239.407407407407419, 92292
1312.00, 234.860294117647072, 86563
1313.00, 231.007042253521121, 69111
1314.00, 229.525925925925918, 73421
1316.00, 234.712177121771219, 86103
1317.01, 231.419753086419746, 86900
1317.02, 228.333333333333343, 66294
1318.01, 225.740740740740733, 53668
1318.02, 226.573170731707307, 91912
1319.00, 231.134146341463406, 104620
1320.01, 221.570247933884303, 83750
1320.02, 224.210256410256420, 87775
1321.01, 222.396039603960389, 63254
1321.02, 230.812865497076018, 65901
1323.01, 224.303797468354418, 49987
1323.02, 222.948717948717956, 78290
1325.01, 226.011494252873575, 69718
1325.02, 224.197530864197518, 42206
1327.00, 221.118750000000006, 69621
1329.00, 222.759999999999991, 84242
1330.00, 227.471544715447152, 77471
1331.01, 227.382716049382708, 92250
1331.02, 224.952380952380963, 42188
1340.01, 240.666666666666657, 71809
1340.02, 239.135416666666657, 58083
1341.01, 241.183206106870216, 69625
1341.03, 248.179104477611929, 77357
1341.04, 243.259259259259267, 71970
1342.01, 249.045197740112997, 86264
1343.02, 252.165644171779149, 117938
1343.03, 245.926701570680621, 96220
1343.04, 250.680000000000007, 67500
1343.05, 254.222222222222229, 49375
1343.06, 250.129870129870142, 51120
1344.21, 292.626415094339620, 121964
1344.22, 259.619047619047592, 141250
1344.23, 261.053475935828885, 102963
1344.24, 355.540130151843812, 155833
1345.20, 241.425000000000011, 45547
1345.21, 243.733333333333320, 52813
1345.22, 244.639999999999986, 41881
1347.10, 239.027777777777771, 45048
1347.20, 235.110169491525426, 76976
1348.01, 234.431034482758633, 88167
1348.02, 230.798319327731093, 92679
1349.01, 229.379844961240309, 71122
1349.04, 235.925619834710744, 78241
1349.05, 252.378125000000011, 86250
1349.06, 238.925925925925924, 74158
1349.07, 241.306122448979579, 83529
1351.02, 251.126213592233000, 157625
1351.11, 245.488721804511272, 104052
1351.13, 256.175000000000011, 102228
1351.15, 249.875000000000000, 78083
1351.16, 245.637168141592923, 69625
1352.01, 254.160427807486627, 112830
1352.02, 257.904109589041070, 112279
1352.04, 266.615044247787637, 114090
1352.05, 340.033950617283949, 112132
1370.00, 282.021739130434810, 95139
1371.03, 262.526881720430083, 84410
1371.04, 272.357594936708836, 120441
1372.02, 268.212962962962990, 77232
1372.03, 264.827338129496411, 102610
1373.01, 266.517412935323364, 168841
1373.02, 311.840390879478832, 154980
1374.01, 310.006825938566578, 131985
1374.02, 306.065963060685988, 124917
1375.01, 288.550488599348512, 96753
1375.02, 291.378378378378386, 103724
1375.04, 377.794549266247373, 175069
1380.00, 358.420289855072440, 140625
1390.01, 225.158940397350989, 100406
1392.00, 231.460431654676256, 90272
1393.01, 240.091412742382261, 156076
1393.02, 233.829268292682940, 62663
1393.03, 232.849056603773590, 55182
1394.01, 242.185185185185190, 68185
1394.02, 255.063758389261750, 158571
1395.02, 249.181818181818187, 109830
1395.04, 240.871794871794862, 60153
1395.05, 242.500000000000000, 39886
1395.06, 243.521739130434781, 63262
1396.00, 240.706840390879478, 95659
1397.01, 244.395683453237410, 147500
1397.03, 355.665523156089193, 147017
1397.04, 374.028169014084483, 121998
1397.05, 329.608000000000004, 250000+
1398.01, 302.982378854625551, 161806
1398.02, 374.569148936170222, 197895
1411.01, 192.838709677419359, 80840
1411.02, 199.138613861386148, 94605
1412.01, 199.524390243902445, 88627
1412.02, 213.556818181818187, 94745
1413.03, 205.724137931034477, 81230
1413.04, 209.604395604395592, 101585
1413.05, 210.750000000000000, 96745
1413.06, 221.756756756756744, 92598
1414.00, 217.930327868852459, 106684
1415.00, 298.432098765432102, 178879
1416.00, 307.404166666666640, 189250
1417.00, 295.044776119402968, 250000+
1431.01, 170.325714285714298, 88462
1431.02, 177.847826086956530, 88821
1432.00, 180.500000000000000, 71302
1433.01, 191.619718309859167, 76418
1433.02, 186.168000000000006, 110438
1434.01, 193.932835820895519, 124838
1434.02, 189.172839506172835, 140625
1435.00, 188.183006535947726, 129392
1436.02, 181.929032258064524, 100417
1436.03, 175.857142857142861, 87837
1436.05, 173.324999999999989, 95227
1436.06, 176.709677419354847, 116406
1437.00, 272.808823529411768, 129330
1438.01, 227.137931034482762, 148786
1438.02, 253.020547945205493, 137632
1439.01, 270.508345978755699, 187096
1439.02, 273.244299674267097, 116667
1810.00, 240.436647173489291, 97443
1813.00, 197.824858757062145, 130125
1814.00, 180.423423423423429, 91368
1815.00, 217.022900763358791, 110094
1816.00, 184.620915032679733, 104271
1831.01, 207.747899159663859, 92321
1831.03, 175.695121951219505, 81103
1831.04, 207.743902439024396, 98939
1832.20, 185.676923076923089, 98406
1832.21, 220.153846153846160, 89891
1832.22, 217.051724137931046, 96250
1833.00, 175.292307692307702, 80859
1834.01, 168.766666666666680, 71915
1834.02, 155.580645161290334, 65774
1835.10, 176.573770491803288, 82500
1835.20, 173.944444444444457, 60037
1836.10, 171.127659574468083, 64911
1836.20, 181.730158730158735, 84570
1837.01, 158.202898550724626, 70363
1837.02, 175.407407407407419, 97679
1838.10, 156.945454545454538, 72928
1838.20, 143.277777777777771, 67075
1851.01, 166.448979591836746, 89489
1851.02, 218.150000000000006, 139297
1852.02, 168.615894039735110, 87708
1852.03, 124.507246376811594, 73750
1852.04, 191.168067226890770, 96250
1853.10, 114.510204081632651, 69111
1853.20, 104.811594202898547, 52679
1861.00, 175.000000000000000, 105603
1862.01, 161.921875000000000, 77619
1862.02, 157.884615384615387, 89241
1862.03, 198.518518518518505, 120302
1863.01, 155.164285714285711, 72917
1863.02, 166.394230769230774, 87813
1864.01, 123.783333333333331, 54744
1864.03, 119.227272727272734, 70547
1864.04, 125.854166666666671, 68472
1871.01, 119.189473684210526, 86045
1871.02, 108.062500000000000, 65495
1872.00, 111.674999999999997, 80389
1873.00, 146.719178082191775, 108958
1881.00, 129.058365758754860, 60508
1882.01, 149.897959183673464, 96563
1882.02, 192.031914893617028, 148125
1883.00, 122.775862068965523, 116489
1891.01, 138.244897959183675, 83362
1891.02, 179.370370370370381, 102862
1892.01, 126.720930232558146, 62917
1892.02, 182.747967479674799, 139453
1893.00, 179.873949579831930, 163646
1894.00, 236.405555555555566, 139615
1895.01, 155.871794871794862, 75127
1895.02, 149.848484848484844, 58295
1896.00, 167.604651162790702, 74766
1897.02, 206.194444444444457, 83551
1897.03, 242.480861244019138, 110758
1897.04, 230.072580645161281, 105000
1898.01, 122.604166666666671, 74317
1898.02, 112.045454545454547, 75174
1899.03, 135.153846153846160, 86438
1899.04, 114.421052631578945, 60625
1899.05, 119.303030303030297, 73682
1899.06, 100.153846153846160, 78686
1899.07, 102.000000000000000, 75089
1901.01, 121.760000000000005, 35054
1901.02, 105.479166666666671, 61568
1902.01, 121.000000000000000, 31654
1902.02, 118.913043478260875, 46382
1903.02, 126.593750000000000, 71500
1903.03, 122.705882352941174, 42331
1904.01, 126.041666666666671, 54718
1904.02, 126.062500000000000, 49120
1905.10, 113.000000000000000, 52515
1905.20, 115.709677419354833, 46336
1907.01, 110.396551724137936, 43819
1907.02, 100.079999999999998, 66150
1908.01, 98.081081081081081, 28143
1908.02, 97.661290322580641, 63804
1909.01, 102.349999999999994, 41314
1909.02, 101.063492063492063, 57105
1910.00, 115.831168831168824, 58411
1911.10, 109.166666666666671, 41625
1911.20, 102.295454545454547, 37039
1912.01, 117.250000000000000, 41094
1912.03, 105.772727272727266, 35263
1912.04, 104.083333333333329, 50455
1913.01, 103.333333333333329, 63073
1913.02, 114.239130434782609, 58523
1914.10, 95.333333333333329, 47563
1914.20, 91.230769230769226, 69063
1915.00, 95.625000000000000, 58726
1916.10, 94.709090909090904, 52725
1916.20, 97.192307692307693, 39087
1917.10, 90.714285714285708, 26554
1917.20, 95.677419354838705, 35398
1918.10, 89.599999999999994, 50270
1918.20, 85.280701754385959, 65343
1919.01, 89.284313725490193, 52464
1919.02, 79.376470588235293, 88797
1920.01, 76.223880597014926, 85777
1920.02, 70.932038834951456, 123636
1923.00, 78.690909090909088, 84432
1924.10, 81.370370370370367, 88152
1924.20, 83.704545454545453, 61349
1925.10, 83.250000000000000, 56781
1925.20, 85.951219512195124, 56122
1926.10, 90.363636363636360, 44184
1926.20, 86.148148148148152, 44631
1927.00, 89.166666666666671, 58036
1941.01, 256.759493670886059, 86442
1941.02, 296.467441860465101, 110313
1942.00, 263.937888198757776, 198049
1943.00, 285.682119205298022, 201250
1944.01, 67.089285714285708, 95064
1944.02, 61.607594936708864, 101747
1945.00, 54.518072289156628, 107826
1951.00, 146.228448275862064, 143500
1952.01, 149.777777777777771, 101036
1952.02, 145.293577981651367, 147143
1953.00, 118.410958904109592, 81300
1954.00, 138.214285714285722, 104853
1955.00, 144.289473684210520, 97092
1956.00, 128.076923076923066, 53943
1957.10, 120.387096774193552, 54389
1957.20, 128.718750000000000, 62750
1958.02, 99.439999999999998, 61458
1958.03, 110.166666666666671, 91750
1958.04, 112.549999999999997, 74375
1959.01, 109.205882352941174, 68000
1959.02, 129.976744186046517, 74890
1959.03, 98.387096774193552, 73227
1972.00, 105.188888888888883, 62043
1973.00, 148.851851851851848, 85278
1974.10, 168.918604651162781, 88401
1974.20, 138.526315789473671, 93370
1975.00, 130.562500000000000, 78253
1976.00, 135.607843137254889, 77768
1977.00, 133.694117647058818, 55548
1990.01, 104.187500000000000, 35938
1990.02, 103.642424242424241, 64094
1991.10, 171.513274336283189, 78088
1991.20, 116.361344537815128, 40795
1992.01, 109.977272727272734, 54375
1992.02, 166.516666666666680, 68875
1993.00, 177.740740740740733, 115833
1994.00, 118.068181818181813, 52211
1997.00, 92.816666666666663, 39671
1998.01, 100.095238095238102, 53672
1998.02, 103.421052631578945, 47409
1999.00, 99.660714285714292, 38088
2011.10, 188.290322580645153, 93990
2011.20, 170.861386138613852, 71992
2012.00, 154.166666666666657, 55845
2013.01, 156.373831775700921, 80288
2013.02, 206.327868852459005, 105373
2014.01, 164.397515527950304, 56902
2014.02, 141.619834710743788, 59662
2015.01, 143.763636363636351, 72656
2015.03, 146.153846153846160, 55731
2015.04, 152.217391304347814, 71058
2016.01, 149.828125000000000, 52115
2016.02, 142.023076923076928, 72250
2017.00, 142.603864734299520, 66159
2031.00, 111.976190476190482, 44375
2032.00, 117.966666666666669, 64474
2033.00, 104.840659340659343, 55950
2035.00, 94.009708737864074, 42946
2036.01, 105.627906976744185, 43341
2036.02, 105.185185185185190, 61179
2037.10, 111.264705882352942, 66964
2037.20, 103.926829268292678, 51495
2038.00, 106.209677419354833, 44968
2039.00, 92.750000000000000, 66289
2041.10, 95.921052631578945, 70026
2041.20, 97.290322580645167, 62458
2042.00, 95.648648648648646, 42162
2043.00, 94.166666666666671, 55449
2044.10, 93.444444444444443, 59712
2044.20, 93.157894736842110, 41915
2046.00, 92.208333333333329, 44375
2047.00, 88.634920634920633, 58631
2048.10, 87.106382978723403, 48961
2048.20, 70.268292682926827, 54423
2049.10, 73.573529411764710, 43717
2049.20, 59.100917431192663, 69125
2051.10, 74.057142857142864, 49750
2051.20, 66.747191011235955, 31454
2060.10, 105.943820224719104, 46250
2060.20, 86.757009345794387, 116500
2060.50, 75.788990825688074, 41750
2060.51, 71.600867678958792, 123947
2060.52, 80.782608695652172, 102966
2060.53, 78.253333333333330, 34118
2060.54, 80.680000000000007, 55250
2062.01, 80.038461538461533, 43103
2062.02, 80.553191489361708, 19420
2063.01, 76.352941176470594, 10957
2063.02, 76.333333333333329, 9201
2063.03, 76.818181818181813, -
2071.01, 110.558823529411768, 54118
2071.02, 97.377358490566039, 31071
2071.03, 100.575000000000003, 32450
2073.03, 76.181818181818187, 35809
2073.04, 78.857142857142861, 11727
2073.05, 84.439999999999998, 82321
2073.06, 82.578947368421055, 41686
2073.07, 79.200000000000003, 11949
2073.08, 77.500000000000000, 97075
2074.00, 101.962264150943398, 72750
2075.01, 99.888888888888886, 90871
2075.02, 101.211538461538467, 18403
2077.11, 77.564705882352939, 140549
2077.12, 81.799999999999997, 84000
2079.01, 73.719999999999999, 74323
2079.02, 73.488372093023258, 109188
2080.01, 113.173913043478265, 80197
2080.02, 120.125000000000000, 40750
2083.01, 119.083333333333329, 50774
2083.02, 123.285714285714292, 52929
2084.01, 117.071428571428569, 47839
2084.02, 114.809523809523810, 62344
2085.01, 104.866666666666660, 63958
2085.02, 99.848484848484844, 43333
2086.10, 92.209302325581390, 66994
2086.20, 92.435897435897431, 62303
2087.10, 84.238095238095241, 61625
2087.20, 82.400000000000006, 34363
2088.01, 87.870967741935488, 41158
2088.02, 91.071428571428569, 37475
2089.02, 89.782608695652172, 32254
2089.03, 96.799999999999997, 42159
2089.04, 105.928571428571431, 26901
2091.03, 112.466666666666669, 33161
2091.04, 114.625000000000000, 32393
2091.05, 106.909090909090907, 28618
2091.06, 97.074074074074076, 50811
2092.01, 104.684210526315795, 71736
2092.02, 118.161290322580641, 33500
2093.00, 85.230769230769226, 30840
2094.01, 80.111111111111114, 30530
2094.02, 84.000000000000000, 44511
2094.03, 88.352941176470594, 28508
2095.10, 77.909090909090907, 37036
2095.20, 77.310344827586206, 36372
2098.10, 71.176470588235290, 33189
2098.20, 70.727272727272734, 36964
2100.10, 72.352941176470594, 32561
2110.00, 66.944954128440372, 138750
2111.21, 88.166666666666671, 60078
2111.22, 83.347826086956516, 43786
2111.23, 78.105263157894740, 71875
2111.24, 79.734693877551024, 53860
2112.01, 79.000000000000000, 53981
2112.02, 83.666666666666671, 45694
2113.10, 76.450000000000003, 45260
2113.20, 74.666666666666671, 36276
2114.10, 72.823529411764710, 48966
2114.20, 74.630434782608702, 51742
2115.00, 72.027272727272731, 70021
2117.01, 65.160493827160494, 87612
2117.03, 65.159999999999997, 54775
2117.04, 62.350000000000001, 36982
2118.02, 67.309523809523810, 48454
2118.03, 71.312500000000000, 54917
2118.04, 67.190476190476190, 42904
2119.10, 74.500000000000000, 51125
2119.21, 72.153846153846160, 34309
2119.22, 71.000000000000000, 50425
2121.01, 69.857142857142861, 51094
2121.02, 66.099999999999994, 34056
2122.02, 70.419354838709680, 37782
2122.03, 72.400000000000006, 36250
2122.04, 75.269230769230774, 34238
2123.03, 73.299999999999997, 40357
2123.04, 68.444444444444443, 36645
2123.05, 64.500000000000000, 32898
2123.06, 66.599999999999994, 44665
2124.10, 62.000000000000000, 49375
2124.20, 60.411764705882355, 43536
2125.01, 58.000000000000000, 49615
2125.02, 60.588235294117645, 57933
2126.10, 59.489795918367349, 51703
2126.20, 53.878787878787875, 44805
2127.01, 51.241379310344826, 71357
2127.02, 58.212962962962962, 79737
2128.00, 48.687500000000000, 54223
2129.00, 54.612244897959187, 55526
2131.00, 55.323076923076925, 47201
2132.01, 57.511111111111113, 38153
2132.02, 60.473684210526315, 43606
2133.10, 63.268292682926827, 60598
2133.20, 64.583333333333329, 26250
2134.01, 67.439999999999998, 37031
2134.02, 68.312500000000000, 49498
2140.00, 66.204724409448815, 150990
2141.00, 71.051470588235290, 110543
2144.00, 62.375000000000000, 91494
2145.01, 56.301075268817208, 100452
2145.03, 56.518518518518519, 80523
2145.04, 59.529411764705884, 67000
2145.05, 60.500000000000000, 64432
2146.00, 51.291666666666664, 118792
2147.00, 46.486111111111114, 133516
2148.00, 47.014084507042256, 107273
2149.02, 49.016666666666666, 97375
2149.03, 61.549999999999997, 76064
2149.04, 55.863636363636367, 97000
2151.01, 55.645833333333336, 75625
2151.02, 60.799999999999997, 74408
2161.00, 54.294117647058826, 133796
2162.01, 58.421052631578945, 105521
2162.02, 54.825396825396822, 104375
2163.01, 42.637681159420289, 116458
2163.02, 51.640449438202246, 86875
2164.01, 39.680851063829785, 90308
2164.02, 42.171428571428571, 87440
2167.00, 34.793814432989691, 96215
2168.00, 39.000000000000000, 116798
2169.01, 35.411764705882355, 93586
2169.02, 44.673469387755105, 82591
2170.01, 47.171428571428571, 106250
2170.02, 35.673684210526318, 94875
2171.01, 34.313725490196077, 66801
2171.02, 45.524590163934427, 71354
2172.00, 45.526785714285715, 71818
2181.10, 56.630136986301373, 41900
2181.20, 59.527272727272724, 43625
2182.10, 42.020408163265309, 39962
2182.20, 51.666666666666664, 64071
2183.00, 31.854545454545455, 63340
2184.00, 29.390243902439025, 69288
2185.00, 31.460317460317459, 46894
2186.00, 39.057692307692307, 63523
2187.01, 48.059701492537314, 54645
2187.02, 37.844444444444441, 49107
2188.00, 59.537037037037038, 47292
2189.00, 54.294117647058826, 49013
2190.10, 40.509090909090908, 48988
2190.20, 38.764044943820224, 62000
2193.00, 34.829268292682926, 60385
2195.00, 32.085714285714289, 90950
2197.00, 30.547445255474454, 56976
2198.00, 29.490566037735849, 61458
2199.01, 28.818181818181817, 48524
2199.02, 28.268041237113401, 75581
2200.00, 31.888888888888889, 42398
2201.00, 30.253968253968253, 41786
2211.10, 70.535714285714292, 42741
2211.20, 63.399999999999999, 50083
2212.10, 63.536585365853661, 58523
2212.20, 65.166666666666671, 53565
2213.02, 61.862068965517238, 32448
2213.03, 62.088235294117645, 41036
2213.04, 60.333333333333336, 45650
2214.01, 60.328358208955223, 32257
2214.02, 61.181818181818180, 43365
2215.00, 58.022222222222226, 27952
2216.01, 57.446808510638299, 47692
2216.02, 60.349206349206348, 49306
2217.10, 59.857142857142854, 43889
2218.10, 56.378378378378379, 28947
2218.20, 58.043478260869563, 23299
2219.00, 55.160714285714285, 23777
2220.01, 47.534482758620690, 83289
2220.02, 43.345679012345677, 54207
2221.00, 51.272727272727273, 64022
2222.00, 53.569230769230771, 50103
2225.00, 47.271604938271608, 64444
2226.00, 50.653846153846153, 41111
2227.00, 55.343137254901961, -
2240.10, 70.089108910891085, 38889
2240.20, 65.513157894736835, 29981
2242.00, 65.369565217391298, 39712
2243.10, 67.115384615384613, 48696
2243.20, 63.540540540540540, -
2244.10, 62.464285714285715, 31125
2244.20, 62.625000000000000, 23693
2246.00, 61.229885057471265, 49375
2247.01, 59.703703703703702, 35446
2247.02, 57.937500000000000, 10783
2260.01, 68.730158730158735, 32344
2260.02, 72.176656151419564, 38578
2264.10, 65.657142857142858, 38955
2264.20, 65.905660377358487, 35893
2267.01, 62.680851063829785, 80977
2267.02, 63.399999999999999, 42353
2270.10, 67.194444444444443, 46250
2270.20, 64.909090909090907, 55909
2281.00, 62.958333333333336, 50739
2282.10, 61.579999999999998, 40263
2282.20, 60.090909090909093, 51402
2283.10, 59.735294117647058, 41081
2283.20, 57.500000000000000, 46467
2284.10, 59.606060606060609, 44571
2284.20, 55.562500000000000, 68125
2285.00, 54.285714285714285, 36518
2286.00, 56.863636363636367, 42841
2287.10, 56.629629629629626, 43077
2287.20, 57.136363636363633, 53093
2288.00, 57.750000000000000, 50764
2289.00, 54.516129032258064, 32168
2291.00, 53.365079365079367, 54350
2292.00, 54.637931034482762, 49019
2293.00, 52.030769230769231, 50069
2294.10, 50.126984126984127, 52012
2294.20, 52.597222222222221, 48939
2311.00, 57.973214285714285, 36917
2312.10, 48.604651162790695, 38767
2312.20, 51.559322033898304, 32191
2313.01, 46.629629629629626, 49268
2313.02, 44.666666666666664, 78102
2314.00, 41.540540540540540, 56453
2315.00, 41.630630630630634, 62596
2316.01, 45.155555555555559, 70989
2316.02, 47.250000000000000, 70417
2316.03, 49.232558139534881, 38077
2317.10, 50.882352941176471, 36111
2317.20, 52.000000000000000, 47313
2318.00, 52.924242424242422, 37966
2319.01, 50.928571428571431, 59327
2319.02, 51.255813953488371, 41131
2321.10, 47.759259259259260, 39950
2321.20, 48.929824561403507, 47500
2322.00, 45.983606557377051, 66829
2323.00, 44.102564102564102, 66921
2324.01, 41.460526315789473, 60195
2324.02, 40.285714285714285, 42206
2325.00, 40.516483516483518, 59000
2326.01, 41.794871794871796, 49224
2326.02, 43.396825396825399, 62216
2327.01, 45.035714285714285, 66131
2327.02, 46.701754385964911, 41379
2328.00, 49.500000000000000, 41635
2340.01, 37.229885057471265, 68941
2340.02, 38.828571428571429, 49498
2342.00, 34.934579439252339, 76438
2343.01, 37.770491803278688, 67061
2343.02, 37.717391304347828, 41618
2345.01, 42.250000000000000, 86184
2345.02, 39.435483870967744, 27287
2346.00, 51.937500000000000, 71618
2347.00, 50.580645161290320, 52234
2348.00, 43.049382716049379, 62597
2349.01, 48.621621621621621, 40324
2349.02, 53.357142857142854, 24211
2351.00, 70.331081081081081, 90719
2352.01, 51.580246913580247, 66016
2352.02, 57.590000000000003, 33024
2360.01, 70.594095940959406, 101417
2361.01, 33.320512820512818, 33852
2361.02, 42.746031746031747, 47015
2362.03, 31.500000000000000, 24957
2362.04, 39.666666666666664, 31895
2362.05, 43.260869565217391, 23700
2362.06, 37.200000000000003, 44495
2364.00, 102.011834319526628, 93250
2371.01, 43.474358974358971, 45250
2371.02, 44.689655172413794, 42850
2372.01, 42.178571428571431, 49213
2372.02, 40.934306569343065, 48472
2373.00, 43.418032786885249, 80821
2374.01, 42.275362318840578, 59115
2374.02, 41.777777777777779, 68405
2375.00, 43.071428571428569, 36447
2376.00, 43.684210526315788, 44417
2377.10, 43.799999999999997, 41696
2377.20, 43.750000000000000, 36520
2378.00, 45.149999999999999, 65821
2379.00, 52.727272727272727, 53523
2380.00, 65.292452830188680, 78248
2381.00, 58.951612903225808, 49922
2382.00, 48.075000000000003, 40791
2383.10, 42.708333333333336, 47987
2383.20, 42.454545454545453, 35845
2384.00, 59.822085889570552, 69444
2392.01, 46.622641509433961, 50240
2392.02, 48.768749999999997, 46383
2393.10, 44.542857142857144, 42939
2393.20, 44.458333333333336, 48029
2393.30, 45.892857142857146, 65000
2395.01, 43.734375000000000, 52750
2395.02, 42.508196721311478, 54028
2396.01, 43.844444444444441, 61250
2396.02, 43.465116279069768, 45350
2397.01, 42.192307692307693, 38324
2397.02, 42.046153846153850, 45204
2398.01, 41.591836734693878, 60611
2398.02, 40.521739130434781, 50471
2400.10, 39.688311688311686, 32686
2400.20, 38.372093023255815, 66087
2402.00, 40.428571428571431, 53239
2403.01, 40.721311475409834, 36071
2403.02, 42.899999999999999, 57569
2404.01, 42.873563218390807, 34711
2404.02, 43.675324675324674, 58125
2405.00, 39.880000000000003, 39676
2406.00, 37.088607594936711, 56378
2407.00, 36.039999999999999, 48864
2408.00, 33.278481012658226, 50346
2409.01, 32.260869565217391, 56579
2409.02, 33.715909090909093, 33125
2410.01, 36.805309734513273, 63214
2410.02, 33.866666666666667, 62614
2411.10, 37.799999999999997, 62321
2411.20, 40.950000000000003, 33125
2412.01, 45.578947368421055, 53916
2412.02, 51.319727891156461, 44493
2413.00, 59.921875000000000, 57727
2414.00, 46.729729729729726, 64792
2420.00, 32.012658227848100, 36346
2421.00, 33.189655172413794, 23214
2422.01, 35.196078431372548, 41413
2422.02, 33.893617021276597, 28684
2423.00, 35.037500000000001, 39696
2426.00, 29.362068965517242, 19103
2427.00, 30.542635658914730, 44804
2430.01, 30.975609756097562, 63421
2430.02, 30.059999999999999, 61632
2431.00, 28.438356164383563, 29023
2611.02, 290.474059003051877, 167143
2611.03, 365.218750000000000, 242578
2611.04, 272.098418277680139, 220100
2612.00, 291.699039487726793, 174698
2621.00, 252.723502304147473, 228837
2622.00, 295.932892249527413, 166447
2623.01, 370.655321782178191, 243214
2623.02, 204.811671087533171, 199643
2623.03, 158.145962732919259, 250000+
2624.00, 343.085549964054621, 231989
2625.01, 117.393203883495147, 240156
2626.01, 300.279642058165564, 222650
2640.00, 114.517391304347825, 186136
2641.02, 121.239999999999995, 111563
2641.03, 102.740740740740748, 136125
2643.03, 92.480000000000004, 131080
2643.04, 90.538461538461533, 110405
2643.05, 93.614457831325296, 89209
2643.06, 80.288888888888891, 111176
2651.00, 122.281786941580762, 129583
2652.01, 118.094339622641513, 131920
2652.03, 107.486486486486484, 78026
2652.04, 100.794117647058826, -
2653.01, 130.061224489795904, -
2653.03, 125.714285714285708, 31231
2653.04, 131.142857142857139, 17326
2653.06, 120.153846153846160, 19688
2653.07, 105.785714285714292, 22756
2654.10, 132.318181818181813, 134375
2654.20, 142.747126436781599, 199250
2655.21, 90.375000000000000, 65461
2655.22, 90.906250000000000, 95370
2655.23, 78.878048780487802, 66082
2655.24, 82.547169811320757, 95607
2656.01, 84.576923076923080, 120286
2656.02, 96.902439024390247, 100452
2657.01, 92.695238095238096, 72609
2657.02, 104.829787234042556, 88205
2671.01, 69.639344262295083, 102442
2671.02, 72.605263157894740, 112166
2672.01, 68.702702702702709, 79032
2672.02, 65.742857142857147, 112180
2673.00, 69.773584905660371, 83420
2674.03, 77.666666666666671, 96442
2674.04, 74.485714285714280, 95489
2674.05, 69.250000000000000, 102304
2674.06, 71.346153846153840, 83054
2675.02, 56.888888888888886, 93083
2675.03, 60.560000000000002, 137818
2675.04, 57.516129032258064, 118750
2676.00, 49.443037974683541, 70089
2677.00, 58.326732673267330, 123594
2678.00, 55.000000000000000, 102802
2679.01, 86.102189781021892, 109871
2679.02, 62.778947368421051, 132115
2690.00, 64.932862190812727, 155703
2691.00, 59.579999999999998, 111528
2693.00, 60.567765567765569, 219226
2695.00, 55.316091954022987, 225375
2696.01, 30.205128205128204, 70121
2696.02, 38.222222222222221, 65000
2697.00, 35.772727272727273, 97500
2698.00, 39.660714285714285, 105469
2699.03, 26.194444444444443, 78084
2699.05, 27.466666666666665, 95406
2699.06, 29.346153846153847, 106944
2699.07, 35.030303030303031, 92304
2699.08, 48.350000000000001, 74126
2699.09, 32.142857142857146, 86987
2701.01, 34.270833333333336, 82981
2701.02, 31.083333333333332, 77667
2702.00, 30.139784946236560, 71429
2703.00, 28.317073170731707, 61009
2711.00, 47.666666666666664, 102833
2712.00, 47.828125000000000, 83750
2713.00, 42.076923076923080, 102426
2714.00, 26.780141843971631, 140962
2715.00, 46.946428571428569, 102222
2716.00, 34.181818181818180, 101271
2717.02, 40.461538461538460, 74442
2717.03, 38.277777777777779, 104357
2717.04, 47.492537313432834, 138000
2718.01, 29.649999999999999, 57891
2718.03, 24.142857142857142, 82500
2718.04, 25.186046511627907, 98083
2719.01, 28.243902439024389, 103839
2719.02, 32.973451327433629, 77857
2721.00, 15.472972972972974, 93438
2722.01, 15.000000000000000, 71818
2722.02, 11.769230769230770, 75402
2723.01, 19.399999999999999, 110277
2723.02, 18.271186440677965, 68716
2731.00, 8.386206896551725, 132656
2732.00, 7.303797468354430, 106157
2733.00, 6.871428571428571, 82981
2734.04, 7.111111111111111, 74761
2736.00, 4.770270270270270, 126806
2737.00, 8.058139534883720, 116393
2738.00, 6.098901098901099, 89659
2741.00, 3.240506329113924, 150565
2751.01, 8.428571428571429, 114625
2751.02, 9.576923076923077, 74250
2752.00, 11.763636363636364, 74345
2753.11, 6.525000000000000, 90106
2753.12, 3.284313725490196, 112352
2753.13, 5.270491803278689, 101385
2754.00, 7.293478260869565, 149464
2755.00, 7.724489795918367, 48797
2756.03, 5.080645161290323, 108611
2756.04, 3.922680412371134, 178742
2756.05, 3.146153846153846, 104419
2760.00, 32.415224913494811, 142308
2761.01, 20.789473684210527, 102957
2761.02, 35.688888888888890, 69875
2764.00, 41.500000000000000, 200417
2765.00, 40.068965517241381, 125833
2766.01, 25.127737226277372, 134175
2766.05, 33.535714285714285, 89625
2766.06, 31.000000000000000, 101875
2766.07, 40.864406779661017, 99408
2766.08, 42.022727272727273, 100758
2770.00, 42.914893617021278, 141548
2771.00, 31.051612903225806, 148056
2772.00, 30.692913385826770, 53598
2774.00, 28.884615384615383, -
2780.01, 37.059701492537314, 103846
2911.10, 54.788235294117648, 57128
2911.20, 39.613636363636367, 72530
2911.30, 23.424050632911392, 79286
2912.10, 14.209150326797385, 51302
2912.20, 9.539999999999999, 65673
2913.00, 11.726973684210526, 94722
2920.01, 14.375000000000000, 42922
2920.02, 12.137931034482758, 101196
2932.03, 16.693548387096776, 82740
2932.04, 15.630136986301370, 95343
2932.05, 18.078947368421051, 50525
2932.06, 16.134615384615383, 66286
2933.01, 18.990566037735849, 107935
2933.02, 18.784172661870503, 93861
2933.04, 22.202898550724637, 65522
2933.06, 44.626666666666665, 104750
2933.07, 21.500000000000000, 51031
2941.10, 12.120689655172415, 58952
2941.20, 10.537688442211055, 61979
2942.00, 11.419642857142858, 69082
2943.01, 9.788235294117648, 94643
2943.02, 9.072164948453608, 57012
2944.10, 10.888888888888889, 64149
2944.21, 15.590361445783133, 46903
2945.10, 9.500000000000000, 62871
2945.20, 11.158730158730158, 51923
2946.10, 10.205607476635514, 63348
2946.20, 7.942307692307693, 54083
2947.01, 4.288990825688074, 32282
2948.10, 8.023809523809524, 48250
2948.20, 6.930232558139535, 36750
2948.30, 4.389380530973451, 54258
2949.00, 8.500000000000000, 37139
2951.03, 23.968871595330739, 117953
2962.10, 19.986301369863014, 48085
2962.20, 18.515151515151516, 34894
2963.00, 49.407692307692308, 86576
2964.01, 130.581967213114751, 102355
2964.02, 84.535433070866148, 137379
2965.00, 39.227272727272727, 48708
2966.00, 37.115384615384613, 43621
2969.01, 41.068493150684930, 52045
2969.02, 44.051724137931032, 59145
2970.01, 118.136363636363640, 149833
2970.02, 82.010526315789477, 120000
2971.10, 22.785714285714285, 47176
2971.20, 20.218181818181819, 54628
2972.01, 36.019607843137258, 52612
2972.02, 73.375000000000000, 78667
2975.02, 67.094827586206890, 63438
2976.02, 46.794871794871796, 80066
3001.00, 711.590909090909122, 151379
3002.00, 509.897540983606575, 119779
3003.01, 800.170603674540644, 126667
3004.00, 469.489878542510098, 101111
3005.01, 444.358974358974365, 113875
3005.03, 405.589928057553948, 52083
3006.01, 403.887640449438209, 88344
3006.02, 355.931937172774894, 87250
3007.01, 539.675151515151470, 134792
3007.02, 461.744546094299778, 130164
3008.00, 356.167546174142501, 84910
3009.01, 361.412865497076041, 146198
3009.02, 351.377777777777794, 154167
3010.00, 228.707031250000000, 106719
3011.00, 192.216374269005854, 76600
3012.03, 174.695652173913032, 74141
3012.04, 165.812500000000000, 60938
3012.05, 172.431578947368422, 119821
3012.06, 153.049019607843150, 73318
3013.00, 220.112676056338017, 126711
3014.00, 226.782828282828291, 135724
3015.01, 183.140845070422529, 103519
3015.02, 170.348837209302332, 51853
3016.01, 148.439999999999998, 38409
3016.02, 146.293650793650784, 66607
3017.01, 146.852173913043487, 81667
3017.02, 147.875000000000000, 63991
3018.01, 165.633333333333326, 62931
3018.02, 159.781818181818181, 72740
3019.01, 177.867924528301899, 90865
3019.02, 188.582278481012651, 74781
3020.02, 172.084745762711862, 50135
3020.03, 178.419354838709666, 52479
3020.04, 182.604651162790702, 56576
3021.02, 170.946153846153834, 82574
3021.03, 170.333333333333343, 53083
3021.04, 179.971428571428561, 62946
3022.01, 166.523809523809518, 29120
3022.02, 160.352941176470580, 41944
3023.01, 150.522727272727280, 74896
3023.02, 146.098765432098759, 54395
3024.01, 138.401197604790411, 64367
3025.03, 154.916666666666657, 40938
3025.04, 150.022727272727280, 44120
3025.05, 138.366197183098592, 49386
3025.06, 169.545454545454533, 60645
3101.00, 437.046884639111681, 146083
3102.01, 242.154411764705884, 100101
3102.02, 224.100917431192670, 87895
3103.00, 222.104477611940297, 104031
3104.00, 208.447058823529403, 86635
3105.01, 200.512499999999989, 66066
3106.01, 190.806201550387584, 72978
3106.02, 195.643478260869557, 104420
3107.01, 189.883333333333326, 19455
3107.03, 172.610687022900777, 72880
3107.04, 195.349999999999994, 53042
3107.05, 176.940298507462700, 36500
3108.00, 171.125475285171092, 82019
3109.00, 181.684014869888472, 84183
3110.00, 193.133333333333326, 93403
3111.00, 200.315789473684220, 92262
3112.00, 184.181818181818187, 78106
3113.00, 181.655629139072857, 114740
3114.00, 174.378151260504211, 122500
3115.00, 171.102702702702715, 112808
3116.01, 162.616113744075818, 91250
3116.02, 168.321167883211672, 72011
3117.00, 158.434482758620703, 92068
3118.01, 154.155844155844164, 50817
3118.02, 162.545454545454533, 94896
3201.01, 356.392857142857167, 95909
3201.02, 348.973856209150313, 77350
3202.01, 329.552631578947341, 35750
3202.02, 338.226130653266353, 82292
3203.00, 320.605633802816897, 58446
4002.05, 604.144455747711049, 213194
4002.06, 445.997578692493960, 156546
4002.07, 471.816558441558414, 156111
4002.08, 370.683168316831711, 119600
4002.09, 438.059929494712094, 125484
4003.04, 304.381201044386444, 81653
4004.02, 327.361818181818194, 109342
4004.03, 554.314232902033268, 120441
4004.04, 526.957746478873219, 155333
4005.01, 497.259890859481573, 178438
4006.02, 193.026315789473671, 76864
4006.03, 266.462962962962990, 87310
4006.05, 276.632090761750419, 93594
4008.01, 216.126696832579199, 112943
4010.01, 265.937853107344608, 111611
4010.02, 240.015957446808500, 66740
4011.01, 253.906166219839150, 72330
4011.02, 224.203947368421041, 95369
4012.01, 281.080419580419573, 143750
4012.02, 256.977500000000020, 95486
4012.03, 227.672268907563023, 94012
4013.03, 309.829201101928390, 131458
4013.04, 281.469237079573418, 138949
4013.11, 284.844827586206918, 94940
4013.12, 244.582608695652169, 73500
4015.00, 310.840677966101680, 84698
4016.01, 353.507739938080476, 87375
4016.02, 330.529880478087648, 75104
4017.05, 380.292929292929273, 120694
4017.06, 338.040000000000020, 67228
4017.07, 345.475655430711583, 62446
4018.01, 420.295454545454561, 140478
4018.02, 391.185430463576154, 132188
4019.01, 374.338095238095264, 75313
4019.02, 360.764705882352928, 92909
4020.01, 326.244318181818187, 89722
4020.02, 332.435406698564577, 65675
4021.01, 317.781456953642362, 78971
4021.02, 308.482394366197184, 85964
4022.00, 300.715197956577242, 83300
4023.01, 257.423312883435585, 64563
4023.03, 269.452991452991455, 59074
4023.04, 256.581395348837191, 43477
4024.03, 223.200803212851412, 76081
4024.04, 241.176938369781311, -
4024.05, 240.626016260162601, 74602
4024.06, 246.851351351351354, 52083
4025.01, 251.937500000000000, 49496
4025.03, 246.095238095238102, 61406
4025.04, 248.794520547945211, 40175
4026.01, 281.791666666666686, 55682
4026.02, 279.068750000000023, 59523
4027.02, 277.384210526315769, 46569
4027.03, 303.530303030303003, 69226
4027.05, 288.738738738738732, 86548
4027.06, 294.364341085271292, 88843
4028.01, 264.837104072398176, 53011
4028.03, 252.115384615384613, 70833
4028.04, 257.160714285714278, 54833
4029.02, 238.839285714285722, 65565
4029.03, 247.726804123711332, 66888
4029.04, 233.266666666666680, 67438
4030.00, 241.286689419795209, 71848
4033.05, 272.010928961748618, 123304
4033.16, 271.454038997214468, 85532
4033.17, 306.944123314065507, 102907
4033.18, 268.375903614457854, 93553
4033.19, 243.296028880866430, 85132
4033.20, 329.731958762886620, 135714
4033.21, 324.869289340101545, 110839
4033.23, 265.307493540051667, 86148
4033.24, 307.661585365853682, 79142
4033.25, 294.997643732328015, 114292
4033.26, 168.302521008403374, 95625
4033.27, 188.334858188472083, 115536
4033.28, 238.550724637681157, 84688
4034.01, 179.302491103202840, 118153
4034.02, 169.107476635514018, 95000
4034.03, 219.842323651452290, 140795
4034.04, 206.420338983050840, 99677
4034.07, 289.277210884353735, 154659
4034.08, 199.664102564102564, 120292
4034.09, 267.842931937172750, 122167
4035.00, 276.504118616144979, 107083
4036.01, 196.965630114566295, 100128
4037.02, 202.211981566820270, 114261
4037.03, 215.050000000000011, 116154
4037.21, 185.297413793103459, 70956
4037.22, 182.174107142857139, 66136
4038.01, 202.203463203463201, 80977
4038.02, 229.962962962962962, 76585
4039.01, 204.025974025974023, 87279
4039.02, 200.500000000000000, 79813
4040.00, 183.555555555555543, 100694
4041.00, 172.198830409356731, 64496
4042.01, 179.126126126126138, 66071
4042.03, 190.000000000000000, 68969
4043.01, 174.757142857142867, 57723
4043.02, 163.611111111111114, 72578
4044.01, 175.795580110497241, 76384
4044.02, 160.387951807228916, 77963
4045.01, 149.896907216494839, 61000
4045.03, 152.837500000000006, 79524
4045.04, 161.280487804878049, 62050
4046.00, 129.853420195439753, 96250
4047.01, 94.067307692307693, 87093
4047.02, 97.475177304964532, 71432
4047.03, 94.101265822784811, 71033
4048.04, 101.084745762711862, 69509
4048.05, 105.813559322033896, 56250
4048.06, 103.602150537634415, 70653
4049.01, 111.340425531914889, 93218
4049.02, 105.011764705882356, 77734
4049.03, 108.914285714285711, 64130
4050.01, 122.801932367149760, 76528
4050.02, 132.582608695652169, 68250
4051.01, 119.934782608695656, 72920
4051.02, 114.877049180327873, 68095
4052.01, 116.686746987951807, 58050
4052.02, 109.814159292035399, 67273
4052.03, 109.423913043478265, 85729
4053.01, 122.544554455445549, 68603
4053.02, 115.626126126126124, 86238
4054.00, 130.225609756097555, 91750
4055.00, 124.698689956331876, 76842
4056.00, 135.625000000000000, 88493
4057.01, 138.742424242424249, 95806
4057.02, 146.188571428571436, 85357
4058.00, 150.432314410480359, 78984
4059.00, 173.169696969696957, 71929
4060.00, 156.787234042553195, 87052
4061.01, 166.649122807017534, 68306
4061.03, 156.815217391304344, 67429
4062.01, 143.412371134020617, 38182
4063.00, 195.858646616541364, 110541
4064.13, 144.760925449871479, 88695
4065.00, 127.627450980392155, 98221
4066.01, 128.670781893004119, 105833
4066.02, 115.864583333333329, 94728
4067.01, 108.196581196581192, 96771
4067.02, 115.681948424068764, 97857
4068.01, 107.382488479262676, 107530
4069.03, 100.530120481927710, 83833
4070.01, 97.191999999999993, 75216
4070.02, 91.126262626262630, 86641
4071.01, 94.904411764705884, 83000
4071.02, 92.630630630630634, 76151
4072.01, 94.348837209302332, 84545
4072.02, 98.049504950495049, 64401
4073.01, 98.529411764705884, 76951
4073.02, 96.227722772277232, 70208
4074.00, 101.465753424657535, 105500
4075.01, 103.782608695652172, 75893
4075.02, 107.944444444444443, 88333
4076.01, 100.939393939393938, 63531
4076.02, 107.694915254237287, 84412
4077.01, 126.725352112676063, 59792
4077.02, 118.791666666666671, 77059
4078.01, 119.850746268656721, 90000
4078.02, 149.945454545454538, 91313
4079.01, 114.650406504065046, 102617
4079.02, 121.169491525423723, 93111
4080.03, 142.289940828402365, 91556
4080.04, 149.670886075949369, 81463
4080.05, 218.246696035242280, 119175
4080.06, 216.209245742092463, 86897
4081.33, 144.763358778625957, 83011
4081.34, 183.660377358490564, 125129
4081.35, 158.735714285714295, 77208
4081.36, 160.283464566929126, 110542
4081.37, 145.166666666666657, 86329
4081.38, 135.872727272727275, 78523
4081.39, 124.948979591836732, 80921
4081.40, 126.026785714285708, 69645
4081.41, 136.928571428571416, 89568
4082.12, 147.580000000000013, 64906
4082.13, 139.722513089005247, 73000
4083.01, 89.905325443786978, 73870
4083.02, 80.854415274463008, 94868
4083.03, 95.446280991735534, 111019
4084.01, 104.760563380281695, 84740
4084.02, 192.692577030812316, 110043
4085.03, 214.081395348837219, 124667
4085.04, 125.222857142857137, 96307
4085.05, 144.214574898785429, 104028
4086.23, 132.913793103448285, 82885
4086.24, 155.610465116279073, 104318
4086.25, 165.850187265917612, 116202
4086.26, 174.354838709677409, 90096
4086.27, 245.846965699208454, 105223
4086.28, 216.006756756756744, 72243
4086.29, 246.903225806451616, 112279
4086.31, 122.510869565217391, 84457
4087.03, 271.774940898345164, 138558
4087.05, 171.046218487394952, 72784
4087.07, 226.720853858784892, 122510
4087.22, 198.342412451361866, 101940
4087.24, 149.276923076923083, 48750
4087.25, 156.473251028806573, 70652
4088.00, 261.554054054054063, 44735
4089.00, 326.169230769230751, 68021
4090.00, 233.168898043254387, 68492
4091.00, 105.666666666666671, 75313
4300.03, 613.120759837177729, 126324
4300.04, 160.834482758620680, 84105
4300.05, 171.617886178861795, 103304
4301.01, 152.456066945606693, 50924
4301.02, 133.639751552795019, 77368
4302.00, 266.213166144200613, 113250
4303.01, 559.686942148760295, 137714
4303.02, 188.974683544303787, 109145
4304.00, 231.386877828054310, 153208
4305.01, 376.452339688041604, 153239
4305.02, 249.202702702702709, 82234
4306.00, 198.685022026431710, 170075
4307.01, 171.369973190348531, 87917
4307.21, 144.970414201183445, 69500
4307.23, 155.543859649122794, 73750
4307.24, 153.180555555555543, 86085
4308.01, 142.421800947867297, 98554
4308.02, 125.247863247863251, 121116
4308.03, 113.156583629893234, 103317
4309.01, 144.013333333333321, 76473
4309.02, 135.318840579710155, 96051
4310.02, 175.283132530120469, 50595
4310.03, 155.088235294117652, 73750
4310.04, 174.026548672566378, 80248
4311.00, 143.518716577540118, 73958
4312.00, 120.270270270270274, 89717
4313.00, 120.804123711340210, 103929
4314.00, 105.178571428571431, 95000
4315.01, 98.750000000000000, 57899
4315.02, 98.227642276422770, 81250
4316.00, 115.892592592592592, 106090
4317.01, 128.125000000000000, 107697
4318.00, 144.035502958579883, 84526
4319.00, 127.616000000000000, 81741
4320.01, 107.802197802197796, 86409
4320.02, 114.795698924731184, 80795
4321.01, 98.958333333333329, 104615
4321.02, 101.150442477876112, 102773
4322.01, 106.496551724137930, 98681
4322.02, 100.765432098765430, 72321
4323.00, 89.842741935483872, 68889
4324.01, 95.053846153846152, 60357
4324.02, 90.747311827956992, 60182
4325.01, 99.470149253731350, 59760
4325.02, 102.074418604651157, 84491
4326.01, 95.517241379310349, 75773
4326.02, 97.242424242424249, 54256
4327.00, 86.357758620689651, 61857
4328.01, 84.563106796116500, 33537
4328.02, 82.879999999999995, 48318
4329.01, 89.098591549295776, 59854
4329.02, 85.223880597014926, 75568
4331.03, 77.303846153846152, 56356
4332.00, 84.046082949308754, 61925
4333.02, 89.663461538461533, 51298
4333.04, 90.500000000000000, 48173
4333.05, 92.484375000000000, 39971
4333.06, 93.377358490566039, 55139
4333.07, 92.057692307692307, 67232
4334.02, 81.188405797101453, 65298
4334.03, 84.595505617977523, 51354
4335.05, 78.559139784946240, 54387
4335.06, 72.415000000000006, 40395
4336.01, 80.389312977099237, 67656
4336.02, 71.968503937007867, 58667
4338.03, 70.165517241379305, 80481
4338.04, 76.427807486631011, 48860
4339.01, 85.159090909090907, 57798
4339.03, 79.785714285714292, 51667
4340.01, 84.253731343283576, 54643
4340.03, 79.669491525423723, 62039
4340.04, 73.882352941176464, 90060
4341.00, 73.586538461538467, 61750
4600.01, 406.996894409937909, 238125
4600.02, 332.435233160621749, 166250
4601.01, 447.922644163150494, 144076
4602.00, 490.796915167095108, 119188
4603.01, 474.148514851485174, 158472
4603.02, 369.643750000000011, 64435
4604.01, 559.412202380952408, 107875
4605.01, 554.642470205850486, 192083
4605.02, 406.546583850931654, 229954
4606.01, 558.929292929292956, 175956
4607.00, 408.002178649237464, 174188
4608.00, 335.558894230769226, 250000+
4609.00, 308.937704918032807, 81625
4610.00, 340.990909090909099, 110743
4611.00, 359.872427983539069, 110500
4612.00, 353.858085808580881, 169471
4613.00, 317.694560669456052, 90821
4614.00, 320.832061068702274, 69964
4615.01, 321.130081300813004, 85435
4615.02, 328.695945945945937, 69145
4616.00, 280.888349514563117, 65729
4617.00, 258.795620437956188, 146786
4619.01, 271.926605504587144, 51389
4619.02, 261.303921568627459, 37944
4620.01, 289.712121212121190, 76250
4620.02, 288.586206896551744, 27396
4621.00, 287.263565891472865, 83328
4622.01, 267.608695652173935, 43814
4622.02, 257.536231884057997, 89278
4623.01, 260.142857142857167, 68608
4623.02, 249.677419354838719, 65918
4624.00, 282.878980891719721, 99107
4625.00, 276.102893890675261, 111048
4626.00, 274.057971014492750, 127794
4627.00, 247.074626865671632, 71201
4628.00, 243.405797101449281, 96985
4629.00, 231.860627177700337, 108367
4630.00, 234.137614678899070, 110875
4631.03, 191.318485523385306, 93646
4632.00, 204.370192307692321, 92500
4633.00, 212.376623376623371, 130250
4634.00, 225.530864197530860, 103750
4635.00, 233.836633663366342, 100344
4636.01, 244.342105263157890, 83247
4636.02, 249.290598290598297, 95976
4637.00, 246.575471698113205, 142778
4638.00, 253.601694915254228, 179063
4639.00, 231.091304347826082, 123382
4640.00, 224.572164948453604, 124307
4641.01, 184.612658227848101, 177244
4641.02, 182.242744063324551, 231136
4642.00, 182.104166666666657, 149190
4800.02, 159.436781609195407, 125938
4800.11, 163.292857142857144, 68819
4800.12, 148.211180124223603, 95264
4801.01, 133.820895522388071, 89257
4801.02, 135.119205298013242, 94161
4802.01, 146.296089385474858, 135250
4802.02, 144.051546391752566, 99074
4803.02, 148.476562500000000, 84054
4803.03, 158.111111111111114, 78125
4803.04, 154.462962962962962, 63013
4804.00, 163.477987421383659, 79565
4805.00, 179.918918918918905, 125954
4806.01, 212.582417582417577, 97073
4806.02, 204.425742574257413, 134680
4807.02, 216.459854014598534, 172440
4807.03, 206.765957446808500, 137000
4807.04, 183.074626865671632, 99423
4808.02, 138.995238095238108, 74504
4808.03, 156.401515151515156, 100159
4808.04, 160.560747663551410, 76552
4809.01, 147.525423728813564, 74886
4809.02, 137.796875000000000, 56420
4809.03, 132.110000000000014, 69866
4810.01, 141.834645669291348, 56484
4810.02, 138.572649572649567, 73210
4811.01, 130.963963963963977, 67639
4811.02, 127.671232876712324, 68068
4811.03, 119.511363636363640, 75697
4812.01, 114.625954198473281, 81658
4812.03, 119.586734693877546, 69861
4813.00, 92.159292035398224, 69583
4814.01, 108.524137931034488, 71767
4814.03, 100.826530612244895, 55179
4814.04, 104.984496124031011, 78600
4815.00, 120.254612546125458, 67909
4816.03, 131.275862068965523, 71699
4816.04, 133.506493506493513, 68036
4816.05, 124.231578947368419, 82358
4816.06, 127.529411764705884, 63750
4817.11, 117.320754716981128, 59958
4817.12, 113.593406593406598, 43984
4817.13, 122.459016393442624, 65658
4817.14, 119.345454545454544, 39803
4818.00, 128.960396039603950, 109327
4819.01, 129.269565217391317, 92500
4819.02, 132.729729729729740, 69035
4820.01, 141.830136986301369, 94107
4820.02, 142.039473684210520, 83917
4821.01, 131.985507246376812, 68587
4821.02, 125.272058823529406, 85000
4822.01, 121.095744680851070, 54141
4822.02, 115.900000000000006, 61250
4823.01, 99.099999999999994, 66116
4823.03, 96.754098360655732, 62138
4823.04, 95.546666666666667, 45739
4824.01, 85.842592592592595, 56250
4824.03, 78.599999999999994, 42857
4824.04, 87.906779661016955, 51207
4825.02, 108.253164556962020, 54766
4825.03, 94.626373626373621, 73275
4825.21, 111.773195876288653, 69216
4825.22, 110.085427135678387, 66632
4826.00, 143.432664756446997, 90889
4827.01, 85.750000000000000, 73373
4827.02, 98.923913043478265, 101042
4828.01, 111.239294710327457, 77355
5001.00, 243.323387096774184, 186250
5002.02, 144.958333333333343, 128859
5002.03, 107.281938325991192, 125428
5002.04, 201.294656488549606, 163355
5003.00, 129.942238267148014, 101436
5004.02, 55.253012048192772, 73807
5004.03, 59.352727272727272, 85643
5004.04, 58.013986013986013, 91992
5005.00, 55.746987951807228, 65875
5006.00, 54.482758620689658, 80179
5007.00, 53.000000000000000, 73849
5008.00, 49.684873949579831, 83197
5009.00, 52.474226804123710, 44688
5010.01, 51.077777777777776, 89565
5010.02, 52.432584269662918, 100000
5012.00, 67.801136363636360, 92610
5013.01, 63.166666666666664, 83351
5013.02, 90.698529411764710, 82517
5014.00, 78.000000000000000, 46065
5015.01, 228.540436456996161, 110673
5015.03, 116.000000000000000, 69020
5015.04, 100.946808510638292, 39799
5016.00, 209.734854445318661, 86279
5017.00, 87.017341040462426, 101000
5018.02, 89.258064516129039, 72411
5018.03, 73.342857142857142, 47891
5018.04, 79.074626865671647, 52417
5019.00, 63.633720930232556, 74175
5020.03, 58.822784810126585, 68229
5020.04, 47.159509202453989, 66587
5020.05, 49.333333333333336, 69883
5021.00, 55.684647302904565, 76387
5022.00, 48.936073059360730, 87283
5023.03, 46.758620689655174, 69531
5024.01, 47.546218487394960, 75536
5024.02, 46.690909090909088, 78654
5025.00, 46.910256410256409, 68917
5026.02, 44.291139240506332, 67064
5026.03, 44.459677419354840, 106759
5026.04, 42.557377049180324, 99138
5027.00, 44.611241217798593, 77286
5028.01, 38.707142857142856, 88000
5029.01, 43.902597402597401, 107688
5030.00, 44.386503067484661, 73333
5031.03, 48.161764705882355, 85964
5031.04, 36.637681159420289, 75000
5031.05, 40.766423357664230, 94833
5031.06, 49.791304347826085, 90787
5032.01, 57.393939393939391, 104574
5032.02, 44.720279720279720, 78793
5033.01, 67.286764705882348, 124271
5033.02, 52.547872340425535, 83038
5034.01, 83.469135802469140, 105118
5034.02, 69.974874371859300, 106990
5035.01, 60.947916666666664, 81189
5035.02, 65.359999999999999, 113258
5036.01, 60.173410404624278, 97969
5036.02, 60.358536585365854, 140156
5037.01, 71.777777777777771, 66729
5037.02, 81.029411764705884, 89468
5037.04, 71.962765957446805, 74878
5037.05, 82.580419580419587, 109211
5038.01, 45.145569620253163, 76622
5038.02, 47.189024390243901, 99356
5039.01, 35.532110091743121, 116806
5039.02, 23.933744221879817, 108517
5040.01, 44.945783132530117, -
5040.02, 38.030769230769231, 117061
5041.01, 30.006666666666668, 67083
5042.00, 43.903462749213013, 63512
5300.05, 115.724381625441694, 111786
5300.06, 77.876543209876544, 72813
5300.07, 92.195325542570956, 88162
5301.01, 61.928571428571431, 49283
5301.02, 63.846625766871163, 49327
5302.02, 76.026785714285708, 94167
5302.03, 84.102272727272734, 49615
5302.04, 66.722891566265062, 73693
5303.01, 69.394366197183103, 56985
5303.02, 70.570093457943926, 61557
5304.00, 85.468750000000000, 55156
5305.00, 91.212962962962962, 58938
5306.03, 140.828947368421041, 70952
5307.00, 120.932835820895519, 73750
5308.01, 139.521276595744695, 66458
5308.02, 155.041666666666657, 54800
5309.01, 108.581818181818178, 53899
5309.02, 110.596774193548384, 32168
5310.00, 89.669354838709680, 65904
5311.01, 94.056179775280896, 59167
5311.02, 91.730158730158735, 42101
5312.01, 82.291666666666671, 52877
5312.02, 73.436363636363637, 48113
5313.01, 62.621052631578948, 50270
5313.02, 57.390909090909091, 43844
5315.02, 56.727272727272727, 47434
5315.03, 80.340425531914889, 59435
5315.04, 72.934426229508190, 65461
5316.02, 54.910714285714285, 43537
5316.03, 74.446428571428569, 60662
5316.04, 61.680851063829785, 43605
5317.01, 60.589743589743591, 50742
5317.02, 51.963414634146339, 65941
5318.00, 60.922077922077925, 68137
5319.01, 53.187500000000000, 55034
5319.02, 57.126436781609193, 69844
5320.01, 54.325301204819276, 44659
5320.02, 58.115384615384613, 62679
5321.01, 60.305084745762713, 51933
5321.02, 59.822580645161288, 76806
5322.00, 52.417391304347824, 65814
5323.02, 50.242053789731052, 61318
5323.03, 47.559358288770056, 51806
5323.04, 43.538461538461540, 55288
5325.00, 54.240000000000002, 53261
5326.05, 52.492307692307691, 45469
5326.06, 51.149999999999999, 39000
5326.07, 52.207407407407409, 44423
5327.00, 52.305555555555557, 54152
5328.00, 50.492307692307691, 44414
5329.00, 46.835051546391753, 42955
5330.01, 48.606557377049178, 52869
5330.02, 48.272727272727273, 42339
5331.03, 48.267605633802816, 42607
5331.04, 48.500000000000000, 46489
5331.05, 51.095238095238095, 40735
5331.08, 47.743589743589745, 42955
5332.01, 48.081632653061227, 60455
5332.04, 45.842696629213485, 60298
5333.00, 52.361702127659576, 43350
5334.01, 50.316666666666670, 53606
5334.02, 49.431034482758619, 42159
5334.03, 46.413793103448278, 60909
5335.01, 48.169811320754718, 67250
5335.04, 47.156862745098039, 58591
5336.01, 45.279411764705884, 55208
5336.02, 44.482352941176472, 50952
5336.03, 42.640776699029125, 44094
5337.01, 45.367346938775512, 46908
5337.02, 44.000000000000000, 57188
5337.03, 42.528571428571432, 65815
5338.03, 41.422680412371136, 40854
5338.04, 40.578125000000000, 47292
5338.05, 39.799999999999997, 53800
5338.06, 37.862068965517238, 61071
5339.01, 38.872340425531917, 50396
5339.02, 36.893617021276597, 56000
5340.01, 38.428571428571431, 53234
5340.02, 39.724770642201833, 60064
5341.01, 38.359375000000000, 54833
5341.02, 37.690721649484537, 47146
5342.01, 33.885245901639344, 50781
5342.02, 34.285714285714285, 43919
5342.03, 34.670103092783506, 39605
5343.01, 36.722222222222221, 52766
5343.02, 34.262500000000003, 49000
5344.03, 40.666666666666664, 41815
5344.04, 39.359999999999999, 49893
5344.05, 38.924242424242422, 48190
5344.06, 36.754716981132077, 40309
5345.01, 42.289156626506021, 55875
5345.02, 39.885714285714286, 82740
5347.00, 43.742857142857140, 83105
5348.02, 45.653061224489797, 61923
5348.03, 44.445945945945944, 68359
5348.04, 40.755102040816325, 64904
5349.00, 44.595588235294116, 65592
5350.01, 43.764705882352942, 44028
5350.02, 44.157894736842103, 44750
5351.01, 41.281690140845072, 57152
5351.02, 39.315789473684212, 50000
5352.00, 36.490384615384613, 66944
5353.00, 39.735999999999997, 51701
5354.00, 36.534653465346537, 54821
5355.01, 38.610169491525426, 48469
5355.02, 38.844827586206897, 59318
5355.03, 34.725000000000001, 58636
5356.03, 36.802083333333336, 47609
5356.04, 34.799999999999997, 53973
5356.05, 32.333333333333336, 54953
5356.06, 33.652173913043477, 64224
5356.07, 31.008474576271187, 59508
5357.01, 38.231578947368419, 60313
5357.02, 34.866666666666667, 62384
5358.02, 29.593750000000000, 68846
5358.03, 31.679245283018869, 54583
5358.04, 32.450000000000003, 60649
5359.01, 32.980392156862742, 52898
5359.02, 30.196850393700789, 71181
5360.00, 35.832298136645960, 51406
5361.02, 30.678947368421053, 58906
5361.03, 31.623287671232877, 64849
5361.04, 31.140495867768596, 63656
5362.01, 26.021276595744681, 75625
5362.02, 24.824561403508770, 66146
5400.00, 25.593406593406595, 64593
5401.01, 27.948051948051948, 78702
5401.02, 26.000000000000000, 68750
5402.01, 29.588235294117649, 40600
5402.02, 27.978723404255319, 48866
5402.03, 26.372727272727271, 60290
5403.00, 28.376344086021504, 71754
5404.00, 28.190476190476190, 49375
5405.01, 25.776536312849164, 59868
5405.02, 23.589041095890412, 44899
5406.00, 26.408695652173915, 29659
5407.00, 27.181818181818183, 48359
5408.00, 31.098765432098766, 71797
5409.01, 45.468965517241379, 51034
5409.02, 37.320512820512818, 79245
5410.03, 15.724184782608695, 73750
5411.00, 31.206451612903226, 63833
5412.00, 30.551330798479089, 88273
5413.00, 24.421052631578949, 78057
5414.01, 24.544117647058822, 40851
5414.02, 22.886363636363637, 68028
5415.00, 23.716981132075471, 53114
5416.03, 23.526315789473685, 58958
5416.04, 22.310679611650485, 43627
5416.05, 21.205357142857142, 55130
5416.06, 21.350000000000001, 36458
5417.00, 24.505681818181817, 83073
5418.01, 23.397727272727273, 58815
5418.02, 23.169117647058822, 63702
5420.00, 22.286885245901640, 71908
5421.03, 21.687500000000000, 54000
5421.04, 21.640000000000001, 72933
5421.05, 20.346666666666668, 56641
5421.06, 20.336283185840706, 50287
5422.00, 19.081871345029239, 65756
5424.01, 20.000000000000000, 62115
5424.02, 18.483720930232558, 74462
5425.01, 24.189189189189189, 68710
5425.02, 20.341463414634145, 42183
5426.01, 22.208955223880597, 48289
5426.02, 21.443396226415093, 66981
5427.00, 22.661417322834644, 67909
5428.00, 28.242105263157896, 60547
5429.00, 28.302083333333332, 71544
5430.00, 25.857142857142858, 73056
5431.00, 23.742382271468145, 73861
5432.01, 25.210937500000000, 69561
5432.03, 28.512035010940920, 38732
5433.04, 16.086734693877553, 101339
5433.05, 26.717201166180757, 80035
5433.06, 7.455782312925170, 80775
5433.21, 33.589595375722546, 83125
5433.22, 6.177419354838710, 104984
5434.00, 6.845549738219895, 83750
5435.01, 10.330303030303030, 84651
5435.02, 9.971223021582734, 112768
5435.03, 11.604761904761904, 79643
5436.01, 12.000000000000000, 97462
5436.03, 15.603260869565217, 71339
5436.05, 14.500000000000000, 91885
5436.06, 13.132530120481928, 62163
5436.07, 10.890243902439025, 131474
5437.01, 10.833333333333334, 125238
5437.03, 12.164179104477611, 105266
5437.04, 11.986486486486486, 112957
5437.05, 11.493827160493828, 93500
5438.01, 7.737226277372263, 87028
5438.03, 8.031914893617021, 79522
5438.04, 10.246575342465754, 102375
5439.03, 6.620481927710843, 94417
5439.05, 10.325513196480939, 73750
5440.01, 10.774891774891774, 66987
5440.02, 10.500000000000000, 82212
5501.01, 35.204301075268816, 102595
5502.01, 35.615384615384613, 74615
5502.02, 32.538961038961041, 93902
5503.01, 32.487922705314013, 103567
5505.01, 41.574074074074076, 59762
5505.02, 39.873303167420815, 129426
5506.01, 42.237762237762240, 86413
5506.02, 39.736263736263737, 103188
5507.00, 40.264492753623188, 102422
5508.01, 36.441624365482234, 83858
5508.02, 34.745341614906835, 78585
5509.01, 36.000000000000000, 72964
5509.02, 37.752136752136749, 72202
5510.01, 34.772222222222226, 83750
5510.02, 36.926229508196720, 99583
5511.01, 29.839805825242717, 54939
5511.02, 31.966507177033492, 60684
5512.01, 31.927835051546392, 64850
5512.03, 30.370786516853933, 83824
5512.04, 31.752941176470589, 59669
5513.00, 33.941798941798943, 61810
5514.01, 32.777777777777779, 63143
5514.02, 33.845070422535208, 84200
5515.01, 30.653631284916202, 76307
5515.02, 30.117647058823529, 88356
5517.00, 28.531250000000000, 70302
5518.01, 28.043165467625901, 82406
5518.02, 28.213235294117649, 73634
5519.00, 28.321052631578947, 94892
5520.01, 28.800000000000001, 81964
5520.02, 30.022988505747126, 78902
5521.00, 27.181318681318682, 67112
5522.00, 29.591346153846153, 57849
5523.01, 30.396226415094340, 88145
5523.02, 27.316666666666666, 69552
5524.00, 24.699999999999999, 65707
5526.01, 22.837209302325583, 83284
5526.02, 22.696428571428573, 94091
5527.00, 25.964497041420117, 91585
5528.00, 25.417721518987342, 91338
5529.00, 23.161490683229815, 66786
5530.00, 24.433121019108281, 97440
5531.00, 23.330677290836654, 80625
5532.01, 26.384000000000000, 104708
5532.02, 26.730434782608697, 103986
5533.00, 26.350000000000001, 79609
5534.00, 26.560439560439562, 85500
5535.02, 23.430379746835442, 67390
5535.03, 25.264150943396228, 54265
5535.04, 23.725000000000001, 65205
5536.01, 22.838345864661655, 56042
5536.02, 23.972602739726028, 64732
5537.01, 22.380597014925375, 58333
5537.02, 20.974576271186439, 58433
5538.01, 21.100628930817610, 59449
5538.02, 19.339534883720930, 43366
5539.01, 21.692810457516341, 76466
5539.02, 20.084615384615386, 64523
5540.01, 24.624060150375939, 76748
5540.02, 22.968944099378881, 76250
5541.01, 23.622950819672131, 63028
5541.05, 22.550000000000001, 49340
5541.06, 24.340659340659339, 74718
5542.01, 20.176470588235293, 92083
5542.03, 20.518072289156628, 49453
5542.04, 21.419753086419753, 46071
5543.01, 19.317647058823528, 69309
5543.02, 17.540229885057471, 64605
5544.03, 18.695238095238096, 60714
5544.04, 19.383838383838384, 68049
5544.05, 19.616161616161616, 52324
5544.06, 19.533333333333335, 75625
5545.11, 18.616438356164384, 141296
5545.12, 18.358649789029535, 127702
5545.13, 20.811594202898551, 112708
5545.14, 18.154255319148938, 116149
5545.15, 13.340000000000000, 92422
5545.16, 13.694444444444445, 130000
5545.17, 14.286585365853659, 106944
5545.18, 15.178260869565218, 109699
5545.19, 12.292452830188680, 126637
5545.21, 19.100323624595468, 98099
5545.22, 13.758364312267657, 107270
5546.00, 21.039062500000000, 86500
5547.00, 20.590000000000000, 87857
5548.01, 18.880733944954127, 70625
5548.02, 16.526041666666668, 96220
5549.00, 15.088372093023256, 80171
5550.01, 11.641509433962264, 74224
5550.02, 10.601769911504425, 73365
5551.05, 11.381294964028777, 90458
5551.06, 9.816513761467890, 67250
5551.07, 10.687898089171975, 89950
5552.02, 7.741007194244604, 161042
5552.11, 8.464646464646465, 64786
5552.12, 8.881188118811881, 68135
5553.00, 34.712871287128714, 92500
5700.01, 17.277173913043477, 110750
5700.02, 16.565656565656564, 110156
5700.03, 16.956204379562045, 114153
5701.00, 16.406896551724138, 84836
5702.02, 17.692682926829267, 63456
5702.03, 18.783950617283949, 58431
5702.04, 17.600000000000001, 54766
5703.03, 13.947368421052632, 53859
5703.04, 13.486111111111111, 51667
5703.05, 15.375000000000000, 42527
5703.06, 15.363636363636363, 53375
5704.02, 16.188481675392669, 76200
5704.03, 18.125000000000000, 58013
5704.04, 17.769230769230770, 66948
5705.02, 16.254098360655739, 79244
5705.03, 15.731343283582090, 74091
5705.04, 16.393162393162392, 59688
5706.01, 14.020833333333334, 70037
5706.02, 14.362204724409448, 65094
5706.03, 16.032608695652176, 44706
5707.01, 15.581818181818182, 96250
5707.03, 15.813559322033898, 108649
5708.00, 15.142361111111111, 110862
5709.01, 14.782222222222222, 109821
5709.02, 15.814814814814815, 91289
5710.00, 11.857142857142858, 116319
5711.01, 13.762195121951219, 113145
5711.02, 13.116129032258064, 137552
5712.01, 12.565217391304348, 113500
5712.02, 14.387878787878789, 80240
5713.00, 16.684410646387832, 111033
5714.00, 18.419913419913421, 107700
5715.02, 21.529069767441861, 66899
5715.04, 22.488888888888887, 72580
5715.05, 18.526315789473685, 83466
5716.00, 15.823529411764707, 23393
5717.01, 12.423728813559322, 70657
5717.03, 12.591836734693878, 43388
5717.04, 12.564516129032258, 54148
5718.00, 21.309455587392549, 114167
5719.00, 26.565573770491802, 85395
5720.01, 22.638497652582160, 100071
5722.01, 10.868020304568528, 74625
5722.02, 7.227513227513228, 103990
5723.01, 8.056074766355140, 60363
5725.00, 7.362318840579710, 50703
5726.00, 5.886792452830188, 72188
5727.00, 4.953846153846154, 79115
5730.02, 4.476190476190476, 52681
5730.03, 2.981818181818182, 82891
5730.04, 4.156862745098040, 50192
5731.01, 5.338235294117647, 53611
5731.02, 4.253164556962025, 80762
5732.01, 7.750000000000000, 46317
5732.02, 8.037500000000000, 60650
5733.00, 6.191489361702128, 47692
5734.01, 23.809523809523810, 68056
5734.02, 27.214092140921409, 71472
5734.03, 50.581280788177338, 106673
5736.01, 11.302375809935205, 113011
5737.00, 10.277533039647578, 130658
5738.00, 9.122340425531915, 125625
5739.02, 7.223529411764706, 154750
5740.00, 7.076576576576577, 131250
5741.00, 7.493392070484582, 118214
5742.01, 5.870370370370370, 125139
5742.02, 11.981707317073171, 93594
5743.00, 5.184466019417476, 106944
5744.00, 5.323809523809524, 126316
5745.00, 3.369822485207100, 127292
5746.02, 11.068493150684931, 104375
5748.00, 12.886524822695035, 69950
5749.01, 4.337500000000000, 136333
5749.02, 7.370000000000000, 68547
5750.01, 25.650406504065042, 94066
5750.02, 15.186440677966102, 70625
5751.01, 10.319148936170214, 49250
5751.02, 9.400000000000000, 40345
5751.03, 19.934426229508198, 54621
5752.01, 8.383561643835616, 51346
5752.02, 7.607843137254902, 50086
5753.00, 10.139240506329115, 43147
5754.01, 3.878260869565217, 37583
5754.02, 7.916666666666667, 51300
5758.01, 4.148148148148148, 39350
5758.02, 9.000000000000000, 46747
5758.03, 10.703703703703704, 26413
5759.01, 3.785714285714286, 55367
5759.02, 8.725000000000000, 55855
5762.00, 10.717391304347826, 48654
5763.01, 11.467741935483870, 51489
5763.02, 11.113636363636363, 37076
5764.01, 11.000000000000000, 50650
5764.02, 11.022222222222222, 49828
5764.03, 10.638888888888889, 47292
5765.01, 12.000000000000000, 39909
5765.02, 13.194444444444445, 66333
5765.03, 14.214285714285714, 62606
5768.01, 14.952380952380953, 55380
5768.02, 15.981481481481481, 70281
5769.01, 10.982142857142858, 48415
5769.03, 12.236842105263158, 46563
5769.04, 14.416666666666666, 64247
5770.00, 10.531250000000000, 73624
5771.00, 18.442307692307693, 84274
5774.00, 6.897435897435898, 101641
5776.06, 8.773049645390071, 121643
5777.00, 8.225806451612904, 73448
5778.00, 34.699074074074076, 106473
5779.00, 20.789954337899545, 78345
5780.00, 4.117903930131004, 57337
5781.00, 12.222748815165877, -
6001.00, 48.076923076923080, 42547
6002.01, 52.729729729729726, 41706
6002.02, 60.219047619047622, 33359
6003.02, 68.030303030303031, 69237
6003.03, 63.787234042553195, 39418
6003.04, 58.629629629629626, 48799
6004.00, 53.235294117647058, 66054
6005.01, 33.975000000000001, 83167
6006.01, 49.938271604938272, 87596
6006.02, 33.098765432098766, 52569
6007.02, 45.397993311036792, 99449
6007.03, 47.758064516129032, 80859
6007.04, 64.737704918032790, 78214
6008.01, 64.663865546218489, 113682
6008.02, 58.553278688524593, 57250
6009.02, 44.600000000000001, 47146
6009.11, 54.761363636363633, 71875
6009.12, 52.075187969924812, 69859
6010.01, 44.736363636363635, 29375
6010.02, 40.506329113924053, 52446
6011.00, 30.448717948717949, 48728
6012.02, 29.506172839506174, 67451
6012.11, 34.838235294117645, 43145
6012.12, 31.905405405405407, 57917
6013.01, 44.082191780821915, 69575
6013.02, 30.486301369863014, 70226
6013.03, 36.864406779661017, 51887
6014.01, 30.752525252525253, 52676
6014.02, 26.529914529914532, 82828
6015.01, 27.079365079365079, 47031
6015.02, 24.660714285714285, 50455
6016.00, 24.283185840707965, 44397
6017.00, 21.827956989247312, 39962
6018.01, 25.192982456140349, 44881
6018.02, 22.923076923076923, 75217
6019.00, 25.681818181818183, 66948
6020.02, 19.746268656716417, 66466
6020.03, 22.194805194805195, 57109
6021.03, 22.990099009900991, 42400
6021.04, 21.255319148936170, 61031
6021.05, 20.389610389610390, 52658
6021.06, 24.356435643564357, 72243
6022.01, 28.083743842364530, 129492
6022.02, 25.754098360655739, 86875
6023.01, 25.474654377880185, 108344
6023.02, 25.897119341563787, 151215
6024.02, 25.129629629629630, 88523
6024.03, 20.493150684931507, 58866
6024.04, 19.148148148148149, 54191
6025.04, 16.333333333333332, 56786
6025.05, 17.138888888888889, 52357
6025.06, 15.088888888888889, 51756
6025.07, 14.527777777777779, 54514
6025.10, 18.044444444444444, 37095
6025.11, 16.842105263157894, 51570
6025.12, 15.088235294117647, 74779
6025.13, 17.274336283185839, 50643
6026.01, 14.666666666666666, 52639
6026.02, 13.220779220779221, 58314
6027.00, 27.768976897689768, 97278
6028.01, 58.324675324675326, 48973
6028.02, 46.119760479041915, 93984
6029.00, 20.029411764705884, 74044
6030.04, 15.758620689655173, 70972
6030.05, 15.670886075949367, 64138
6030.06, 15.036144578313253, 78307
6030.07, 17.808988764044944, 72198
6030.08, 16.087719298245613, 56736
6031.01, 13.522522522522523, 66048
6031.02, 8.010752688172044, 62854
6032.00, 10.717391304347826, 95799
6033.01, 13.173553719008265, 66200
6033.02, 10.524822695035461, 61816
6034.00, 15.250000000000000, 85391
6035.00, 14.770000000000000, 85917
6036.00, 14.863247863247864, 80280
6037.02, 14.175548589341693, 112443
6037.03, 16.164556962025316, 95662
6037.05, 14.371428571428572, 68587
6037.06, 14.043478260869565, 43245
6038.01, 18.103896103896105, 78318
6038.02, 16.555555555555557, 76923
6039.01, 20.597938144329898, 84500
6039.02, 19.348314606741575, 56625
6040.01, 21.771084337349397, 85561
6040.02, 29.766233766233768, 66175
6041.01, 17.508196721311474, 66797
6041.02, 21.800000000000001, 81875
6042.00, 21.666666666666668, 65088
6099.00, 69.528571428571425, 79219
6200.01, 37.342465753424655, 133696
6200.02, 35.801324503311257, 128210
6201.01, 31.207317073170731, 106232
6201.02, 34.811881188118811, 131218
6203.01, 36.265625000000000, 201688
6203.03, 42.041666666666664, 206125
6204.00, 33.825949367088604, 155074
6205.01, 24.700934579439252, 146546
6205.21, 31.111111111111111, 116797
6205.22, 33.651685393258425, 134943
6206.01, 32.186046511627907, 102140
6206.02, 32.263473053892213, 138831
6207.01, 40.301587301587304, 142500
6207.03, 48.493150684931507, 215308
6207.04, 38.087912087912088, 169892
6208.01, 40.758389261744966, 194462
6208.02, 49.968750000000000, 139400
6209.01, 46.000000000000000, 217159
6210.01, 38.831932773109244, 150417
6211.02, 41.630769230769232, 168977
6212.01, 36.004878048780490, 121319
6213.01, 40.151832460732983, 107670
6214.00, 35.148387096774194, 124205
6500.01, 12.628140703517587, 91985
6500.03, 18.984375000000000, 76375
6500.04, 14.500000000000000, 103295
6501.01, 17.927038626609441, 110810
6501.02, 19.398058252427184, 93309
6502.00, 20.550335570469798, 111220
6503.00, 25.960698689956331, 78393
6504.01, 27.771889400921658, 143841
6505.01, 30.680000000000000, 159196
6505.02, 31.212121212121211, 128009
6506.03, 31.666666666666668, 88571
6506.04, 30.063492063492063, 63632
6506.05, 27.472727272727273, 89609
6506.06, 31.855555555555554, 67885
6506.07, 30.153846153846153, 98469
6507.01, 27.142276422764226, 113920
6507.02, 33.251428571428569, 129971
6508.01, 27.888888888888889, 119519
6508.02, 24.842857142857142, 101771
6509.01, 21.877314814814813, 79514
6509.03, 23.066176470588236, 89180
6509.04, 25.666666666666668, 108141
6510.01, 23.594285714285714, 107969
6510.02, 24.510489510489510, 105656
6511.01, 26.969343065693430, 100755
6511.02, 25.838095238095239, 75606
6512.01, 32.476851851851855, 151208
6512.21, 23.023255813953487, 96118
6512.22, 22.084656084656086, 95278
6513.02, 80.663265306122454, 139628
6514.01, 84.212598425196845, 83971
6514.02, 59.039473684210527, 100540
6700.01, 23.441666666666666, 95417
6700.02, 24.600000000000001, 79474
6700.03, 27.827956989247312, 89375
6701.01, 66.125925925925927, 121995
6701.02, 45.550724637681157, 77571
6702.01, 134.144295302013433, 153426
6702.02, 150.543478260869563, 212656
6704.05, 359.637837837837822, 135179
6704.06, 337.107382550335558, 189844
6704.07, 346.558441558441586, 116771
6704.13, 248.966911764705884, 164659
6704.17, 277.143426294820699, 148500
6704.18, 269.230769230769226, 196375
6705.00, 300.590386624869382, 250000+
6706.03, 199.329166666666680, 202014
6707.01, 94.048158640226632, 161319
6707.02, 218.225385527876625, 205673
7001.01, 91.320987654320987, 79710
7001.02, 82.576271186440678, 41196
7002.00, 94.511363636363640, 71190
7003.00, 87.621621621621628, 85316
7004.00, 57.833333333333336, 87317
7005.01, 98.717948717948715, 78967
7005.02, 96.622950819672127, 95565
7006.00, 173.818051575931236, 189276
7007.00, 123.981693363844400, 193639
7008.01, 72.071823204419886, 68536
7008.02, 50.081395348837212, 91667
7009.01, 46.854838709677416, 82125
7009.02, 60.512396694214878, 82557
7010.00, 74.568181818181813, 120327
7012.01, 88.862499999999997, 190750
7012.02, 68.469387755102048, 146563
7013.02, 50.103448275862071, 81955
7015.01, 50.157894736842103, 128025
7015.02, 43.229729729729726, 102813
7016.01, 75.201342281879192, 141174
7016.02, 55.662500000000001, 105972
7017.01, 49.686746987951807, 75192
7017.02, 36.500000000000000, 69861
7018.01, 47.692640692640694, 67822
7018.02, 34.772727272727273, 72083
7022.01, 37.445945945945944, 113782
7022.02, 28.306451612903224, 120764
7023.00, 45.429906542056074, 106299
7024.00, 28.065040650406505, 116250
7025.01, 21.926380368098158, 133897
7025.02, 50.144144144144143, 103452
7026.00, 14.342007434944238, 132969
7027.00, 14.566265060240964, 125991
7028.01, 18.617449664429529, 76172
7028.02, 16.586666666666666, 94375
7028.03, 11.121495327102803, 87721
7029.00, 2.071428571428572, 132746
7030.02, 60.722772277227726, 112272
7030.03, 22.293650793650794, 89044
7031.00, 100.676923076923075, 106818
7032.00, 82.257692307692309, 88008
8001.01, 404.268537074148298, 167159
8001.03, 401.634210526315769, 121311
8001.04, 458.781353525792724, 149435
8002.02, 308.703199052132675, 191750
8002.04, 342.360441767068266, 180061
8002.05, 270.907407407407391, 110753
8002.06, 331.258741258741281, 250000+
8003.24, 293.653153153153141, 141116
8003.25, 275.097902097902079, 161000
8003.28, 324.313293818797604, 224236
8003.33, 273.628930817610069, 109667
8003.34, 319.566552901023897, 147118
8003.35, 409.015617822691752, 135313
8003.36, 291.169602621876265, 200444
8003.37, 243.898550724637687, 74646
8003.38, 325.614503816793899, 176391
9001.02, 870.328989928692181, 42634
9001.03, 797.405427298501422, 50152
9001.04, 852.901767053011554, 54012
9003.01, 729.037758830694315, 55875
9005.01, 734.015463917525722, 63935
9005.04, 749.804597701149419, 63164
9005.05, 737.783439490445858, 54332
9005.06, 737.246913580246883, 71209
9005.08, 738.359918200408970, 82266
9005.09, 736.403846153846189, 51369
9005.10, 737.696428571428555, 41360
9006.02, 715.909090909090878, 44091
9006.06, 720.560185185185219, 41175
9006.07, 725.876777251184876, 49022
9006.08, 727.054216867469904, 66506
9006.09, 724.267692307692300, 34290
9006.10, 723.926289926289883, 24644
9006.11, 728.920833333333348, 71564
9007.01, 729.413127413127427, 46771
9007.03, 723.071651090342698, 48238
9007.04, 754.127527216174144, 51458
9007.05, 748.663580246913625, 47232
9008.04, 710.000000000000000, 40577
9008.05, 713.528875379939223, 79404
9008.06, 718.018018018017983, 22779
9008.07, 707.202453987730109, 63774
9008.08, 708.098765432098730, 70938
9009.01, 724.675569251840443, 56901
9009.02, 724.196771557008560, 51111
9010.03, 715.422839506172863, -
9010.07, 756.105263157894683, 91645
9010.08, 710.122699386503086, 78654
9010.09, 720.317073170731760, 84362
9010.10, 735.021406727828776, 68854
9010.11, 737.286144578313269, 75763
9010.12, 722.082815734989595, 104749
9010.13, 722.000000000000000, 131835
9010.14, 712.647979139504514, 115652
9011.01, 742.442040185471456, 79804
9011.02, 742.014331210191131, 81314
9012.09, 958.065726489931535, 74844
9012.10, 1025.474089635854398, 83625
9012.14, 727.327073552425645, 90163
9012.15, 758.520123839009329, 49375
9012.16, 767.974043715846960, 98056
9012.17, 1047.785982478097594, 105917
9012.18, 945.137345679012356, 141786
9013.00, 736.011766118381502, 52404
9100.02, 884.526720963962930, 54474
9102.10, 807.781491002570647, 116334
9102.11, 776.976143141153102, 205735
9102.12, 795.676940639269446, 96979
9102.13, 1022.161272475795272, 117206
9102.14, 838.425182481751790, 98201
9102.15, 824.245524296675171, 82757
9102.16, 855.271929824561425, 128580
9102.17, 1139.298704803022019, 97632
9102.18, 796.710019267822759, 63068
9103.01, 786.084362139917744, 112383
9103.02, 845.379797979798013, 95144
9104.01, 880.777300085984507, 76370
9104.04, 846.774999999999977, 56317
9104.05, 816.993243243243228, 36944
9105.01, 807.071823204419843, 27146
9105.02, 799.643137254901944, 41563
9105.04, 812.321243523316070, 54375
9105.05, 826.540816326530603, 63646
9106.01, 791.176829268292636, 58902
9106.02, 797.479338842975153, 47056
9106.05, 802.602409638554263, 57784
9106.06, 812.071428571428555, 61250
9106.07, 812.019867549668902, 62721
9106.08, 811.437500000000000, 60000
9107.06, 832.899765074393144, 78918
9107.07, 864.435464414957778, 67893
9107.09, 892.825405707890354, 84063
9107.12, 827.587301587301567, 80063
9107.13, 805.887500000000045, 71944
9107.14, 816.540322580645125, 64297
9107.15, 823.875000000000000, 61419
9107.16, 854.300330033003320, 87758
9107.17, 819.064814814814781, 113536
9107.18, 818.220408163265347, 76815
9107.19, 806.944664031620505, 76486
9107.20, 808.336492890995260, 60727
9107.21, 798.963114754098342, -
9108.04, 1094.690686502402059, 117545
9108.07, 552.324561403508824, 116553
9108.08, 614.322122571001501, 107600
9108.09, 530.830409356725113, 155208
9108.10, 672.585928911689280, 148750
9108.14, 891.896962357452821, 102716
9108.15, 1123.121481354184652, 109375
9110.01, 1104.740238940351446, 68828
9111.00, 791.178357613250796, 59652
9200.13, 406.075396825396808, 132171
9200.15, 474.290199809705030, 159820
9200.16, 458.416666666666686, 159511
9200.17, 406.687747035573125, 121174
9200.18, 423.823529411764696, 130104
9200.20, 479.199253731343276, 110781
9200.28, 485.351097178683403, 130087
9200.29, 436.326666666666654, 94095
9200.30, 424.751552795031046, 97679
9200.31, 477.814681107099887, 48082
9200.34, 552.374326750448859, 94044
9200.35, 440.273026315789480, 81009
9200.38, 461.837606837606813, 60354
9200.39, 491.557251908396950, 133194
9200.40, 542.044077134986196, 106528
9200.41, 458.850220264317159, 90000
9200.42, 493.628997867803832, 100677
9200.43, 543.814236111111086, 154561
9200.44, 399.153225806451587, 99894
9200.45, 435.318777292576442, 127337
9200.46, 439.603773584905639, 85017
9200.47, 436.903225806451587, 60063
9200.48, 401.794642857142833, 79900
9200.49, 553.489854244069761, 147357
9200.50, 903.646788351678993, 78750
9201.02, 957.559965611119082, 86795
9201.04, 725.548867943858227, 144821
9201.06, 434.258008956252127, 99375
9201.09, 376.091911764705856, 115673
9201.10, 389.030534351145036, 140859
9201.11, 409.731543624161077, 130761
9201.12, 388.884259259259238, 131838
9201.14, 342.844827586206918, 105662
9201.15, 353.841628959276022, 93510
9201.16, 462.317634173055865, 119464
9201.18, 366.831908831908834, 150243
9201.19, 431.247154471544718, 169107
9201.20, 444.558985667034165, 198382
9201.21, 365.026437541308667, 142176
9202.00, 372.178902352102625, -
9203.03, 673.522941546197330, 120000
9203.12, 481.485047846889927, 83602
9203.13, 409.393854748603360, 136250
9203.14, 410.927908636688073, 120658
9203.22, 379.236641221374043, 119338
9203.26, 609.493763108510848, 139073
9203.28, 351.699658703071691, 109231
9203.29, 354.576779026217253, 105398
9203.30, 387.251256281407052, 90505
9203.31, 367.518716577540090, 107436
9203.32, 413.938016528925630, 100833
9203.34, 394.952941176470574, 103203
9203.38, 491.871179039301296, 157373
9203.39, 369.591977213387111, 140563
9203.40, 374.155555555555566, 91829
9203.41, 380.757142857142867, 52394
9203.42, 406.178217821782198, 60385
9203.43, 430.783999999999992, 52634
9304.00, 1308.272479903733029, 87273
9800.01, 218.607638888888886, -
9800.02, 8.539719626168225, -
9800.03, 729.182588630165696, -
9800.04, 766.836794582392827, -
9800.05, 19.876984126984127, -
9800.06, 6.761904761904762, -
9800.08, 237.210526315789480, -
9800.09, 248.728936332443766, -
9800.10, 167.652631578947364, 40227
9800.11, 2.532544378698225, -
9800.12, 28.008547008547009, -
9800.13, 31.595679012345681, -
9800.15, 26.602962962962962, 45781
9800.16, 55.864130434782609, 62000
9800.17, 106.719594594594597, -
9800.18, 13.516556291390728, -
9800.19, 389.599780501188945, 250000+
9800.20, 595.439696106362817, -
9800.21, 317.225730994152059, -
9800.22, 362.742785445420338, -
9800.23, 276.013931888544903, -
9800.24, 214.549610894941623, 154091
9800.25, 6.873706004140787, 66827
9800.26, 810.775962660443383, -
9800.34, 24.901886792452832, -
9800.35, 110.083248730964470, 65357
9800.36, 65.217996289424860, -
9800.37, 10.677018633540373, -
9800.38, 87.871428571428567, -
9800.39, 202.666666666666657, -
2626.04, 144.330459770114942, 220341
2627.04, 58.849372384937240, 150046
2627.06, 60.844290657439444, 161333
2628.02, 70.983173076923080, 165441
2734.03, 3.000000000000000, -
2735.02, 2.631578947368421, 94014
2739.02, 1.938053097345133, 166115
2742.02, 2.131578947368421, 157754
2781.02, 9.404651162790698, 150556
2973.00, 80.220689655172407, 111607
2974.00, 103.864341085271320, 105281
2975.01, 60.611940298507463, 121984
2976.01, 26.483516483516482, 84922
5760.01, 4.796052631578948, 88742
5766.01, 7.344262295081967, 54789
5767.00, 8.451851851851853, 95536
5772.00, 9.389937106918239, 93858
5773.00, 1.744525547445255, 97411
5775.01, 1.254658385093168, 138056
5776.02, 7.692307692307693, 96074
5776.04, 1.231213872832370, 96000
5776.05, 4.890829694323144, 107572
6202.01, 11.142857142857142, 144375
6203.05, 24.830303030303032, 163390
6209.04, 17.706666666666667, 183304
6210.05, 11.210526315789474, 134032
6211.04, 11.328467153284672, 143469
6212.04, 6.109947643979058, 99286
6213.24, 16.363636363636363, 110529
6213.26, 14.344086021505376, 102833
6513.04, 38.628930817610062, 103770
6703.24, 116.101063829787236, 199250
6703.26, 194.199999999999989, 171319
6703.28, 85.527649769585253, 220469
6704.16, 142.919908466819209, 134141
6706.04, 146.398081534772189, 165269
7013.04, 50.923076923076920, 127228
7014.02, 23.518518518518519, 110162
7019.02, 17.156521739130437, 83379
7020.02, 15.281481481481482, 89803
7021.02, 13.216666666666667, 91107
8004.06, 338.090682122157830, 142300
8004.10, 344.121801880603527, 153750
8004.11, 84.372285418821093, 243125
8004.12, 50.979328165374675, 160179
8005.04, 214.376126126126138, 213380
8005.06, 317.962872046640086, 190068
9800.07, 2.180180180180180, -
9800.14, 3.650632911392405, -
9800.28, 29.602415234556432, -
9800.30, 33.901515151515149, -
5766.02, 6.513274336283186, 74611
5775.04, 1.500000000000000, 102400
9800.31, 3.243130724396337, -
9800.33, 1.639225181598063, -
5990.00, 68.398734177215189, 77644
5991.00, 262.360444704505539, -
